0
0
0
0
0
0
0
0
0
0
0
0
0
0
0
0
0
0
0
0
0
0
0
0
0
0
0
0
0
0
0
0
0
0
0
0
0
0
0
0
0
0
0
0
0
0
0
0
0
0
0
0
0
0
0
0
0
0
0
0
0
0
1
270.786743,591.382121
299.458923,624.221985
286.044098,547.009705
241.153580,557.441589
254.278015,639.393860
1
267.998553,579.438320
295.979156,611.929687
283.575195,535.753296
238.694244,545.409851
251.026260,627.037476
2
141.630972,590.090247
110.761314,553.204224
119.650238,629.995850
174.717178,629.624817
164.591446,548.405945
264.517960,567.746859
292.171692,600.669006
280.550842,524.666138
235.649277,533.378296
247.101089,614.546387
2
261.956971,558.089871
289.215698,591.262085
278.318665,515.546692
233.413589,523.354309
244.060013,604.625000
139.069071,578.847996
108.716469,542.094910
116.857780,618.224731
171.783188,618.460571
162.353287,537.569153
2
259.995261,549.966389
287.051971,583.260864
276.736694,507.601501
231.824402,515.300903
241.892014,595.777405
137.388455,569.912706
107.424622,533.466980
114.981041,608.938599
169.696671,609.209961
160.873749,529.009521
2
258.933066,544.333087
285.622803,577.477417
275.773956,502.319519
230.815643,509.415802
240.582321,590.113342
136.433768,563.505202
106.551308,526.622986
113.785583,602.912109
168.432037,602.998840
159.920731,522.638855
2
134.411828,553.100928
104.938271,516.449646
111.649490,591.812500
166.029724,592.418762
158.159027,512.714417
256.614603,534.982528
282.999756,568.326538
273.875244,493.480927
228.919052,499.982513
237.895508,579.990845
2
132.379030,541.038527
103.454399,504.568268
109.293228,579.479553
163.401627,580.154053
156.479416,500.908081
254.436991,523.891858
280.382507,557.159912
272.024963,482.871033
227.035416,488.756805
235.364761,568.374451
2
130.630438,529.231052
101.892563,492.722717
107.323967,567.734131
161.191498,568.055542
154.784775,489.327271
252.240153,513.496232
277.909882,547.260986
270.282349,472.889771
225.427933,478.228699
232.753204,557.354309
2
250.593782,503.626474
275.887543,537.364746
269.014435,463.579102
224.108276,468.298584
230.765823,546.733398
129.201757,518.431809
101.067337,482.222504
105.810379,556.020935
159.366348,557.253967
153.754272,478.976776
2
249.598463,495.411983
274.480896,529.175354
268.285919,455.841919
223.460510,459.944977
229.419357,538.140564
128.416517,509.338988
100.683807,473.461121
104.888458,546.605530
158.220230,547.896118
153.160156,470.147064
2
246.917138,483.691189
271.434906,517.528015
265.944275,444.501465
221.008621,447.934998
226.385956,525.978760
125.807536,496.321866
98.345573,460.010376
102.002464,533.638550
155.184967,535.166077
150.751236,457.220276
2
125.107333,480.080521
98.012321,444.099426
100.847702,516.722595
153.931580,518.357971
150.588486,441.593445
246.090597,468.826139
270.107880,502.854706
265.619568,430.128021
220.814651,433.014252
225.118057,510.384796
2
123.353940,460.944421
96.846252,424.353485
98.669830,497.156982
151.486084,499.777740
149.370377,422.777283
244.193623,451.966939
267.443787,486.596741
264.355438,413.934875
219.624252,415.372253
222.487686,492.911743
2
121.923215,449.124607
95.817818,413.044098
97.199860,484.884369
149.852539,487.725983
148.124374,411.227356
242.599738,441.098812
265.392761,475.619629
263.040802,403.848633
218.374130,404.408295
220.490463,481.389008
2
120.403911,434.377803
94.945930,398.328125
95.091125,470.275238
148.003769,473.460480
146.807693,396.933167
240.834252,428.284976
263.295227,463.406219
261.825256,391.066711
217.055695,391.103485
218.377319,468.102417
2
119.245595,423.012606
93.978706,386.197968
93.965126,458.505859
146.077118,462.106964
146.045578,385.385986
239.461580,418.371984
261.649963,453.607849
260.799622,381.129761
215.874771,380.915375
217.090469,457.417267
2
239.215077,413.725190
261.077393,448.916504
260.835358,377.261322
215.971024,376.309723
216.017944,452.848511
119.036858,417.820863
94.125816,381.125916
92.962517,453.518311
145.826782,457.283478
145.965652,380.953613
2
238.478044,404.267961
260.072601,440.251190
260.101929,368.319672
216.116348,367.006439
214.980942,443.330353
118.407745,408.317321
93.174225,371.179443
92.869179,443.363525
144.787537,447.142242
145.612686,370.984375
2
118.203897,401.070778
93.318069,363.991913
92.340797,436.145355
144.566498,440.349976
145.567703,363.960999
238.348186,398.173036
259.987274,434.078430
260.112122,362.278748
215.770111,360.709595
214.756165,437.082306
2
117.873625,392.051620
93.420486,355.089081
91.856026,427.018463
143.837616,431.297913
145.375015,355.090607
237.717892,390.289367
258.748444,425.949951
260.078461,354.407898
215.411102,352.464722
214.025879,428.307373
2
117.684484,383.588476
93.385796,346.250732
91.315125,418.293091
143.276108,422.912964
145.379532,347.139130
237.534377,382.788946
258.319183,418.728302
260.149292,347.141693
215.364029,344.453827
213.579987,420.547577
2
237.638699,376.520472
258.181641,412.795197
260.301453,341.379883
215.823868,337.999847
213.321686,414.226135
117.640995,376.840118
93.727615,339.878906
91.173119,411.394501
143.044312,416.104218
145.862732,339.996033
2
237.695069,370.577111
257.956573,406.891541
260.619720,335.529510
216.141464,331.946869
213.077927,408.212219
117.668168,369.953872
93.997055,332.922363
90.970253,404.605377
142.904587,409.434174
146.068390,333.092926
2
118.096072,364.643440
94.380745,327.034973
91.241425,399.115906
143.090668,404.280609
146.482544,328.204620
237.949497,365.905893
258.106079,402.631500
261.114685,330.907867
216.564072,326.941315
213.320923,403.114807
2
118.335377,359.612698
94.815727,322.169739
91.336510,393.903687
143.182404,399.168823
146.964722,323.250854
238.151237,361.112660
258.211395,397.961609
261.386017,326.373505
216.991165,322.243256
213.432343,398.070770
2
118.638023,353.568424
95.263863,315.823975
91.508919,387.903564
143.305099,393.400665
147.357803,317.220093
238.430159,356.225368
258.138794,393.032562
261.943207,321.478760
217.343964,316.845490
213.508957,393.052887
2
118.499341,350.341336
95.245575,312.702209
91.307571,384.609497
143.036560,390.057892
147.290115,314.058044
238.212075,353.048302
257.870605,390.047699
261.747314,318.501282
217.331604,313.749084
213.129684,389.866364
2
117.844566,347.162598
94.700981,309.626465
90.667076,381.419037
142.305038,386.834564
146.680939,310.815186
237.459316,350.286483
256.919861,387.075684
261.061371,315.956299
216.581543,310.818085
212.223373,386.993225
2
117.173045,343.776343
94.199402,306.183167
89.893913,378.008850
141.497177,383.579407
145.986801,307.618042
236.655079,347.226765
256.053192,384.087830
260.274292,313.050598
215.939026,307.861298
211.270218,383.957764
2
235.776353,343.658637
255.236847,380.939087
259.646698,309.503357
215.252014,304.340179
210.528610,379.784790
116.520525,340.012371
93.648193,302.566498
89.258438,374.091400
140.690201,379.582214
145.397919,303.914124
2
234.742868,339.805524
253.989029,376.922028
258.777618,305.859924
214.291412,300.364594
209.301071,375.738373
115.716468,335.753031
93.074844,298.270691
88.390144,369.702087
139.651443,375.376465
144.565201,299.912598
2
114.896488,331.813991
92.345436,294.141205
87.551231,365.660492
138.588394,371.392639
143.838272,295.991394
233.823735,336.256407
252.928879,373.333496
257.959076,302.447449
213.448914,296.715271
208.224152,372.116486
2
114.230304,326.912577
91.988899,289.531036
86.834396,360.562164
137.808594,366.541046
143.351532,291.143829
233.189502,331.803945
252.115784,369.002502
257.375977,298.243439
212.982544,292.088287
207.372833,367.626465
2
232.595390,329.367536
251.486420,366.632050
256.924896,295.884644
212.422058,289.573547
206.751740,364.934235
113.763794,324.085987
91.551430,286.486847
86.335403,357.757172
137.202347,363.760712
142.964249,288.239410
2
113.405734,321.083512
91.413200,283.665314
85.946594,354.688263
136.852539,360.976013
142.657089,285.285431
232.250681,326.769936
251.068024,364.177826
256.708282,293.339630
212.226120,286.962158
206.256058,362.301147
2
232.420418,325.350431
251.160202,362.727753
256.958130,291.982391
212.415451,285.449646
206.388184,360.750824
113.502368,319.260647
91.506866,281.697418
85.975800,352.794037
136.859253,359.148804
142.889816,283.460297
2
114.235708,317.567302
92.135727,279.844879
86.542252,351.214478
137.549515,357.361603
143.426193,282.101257
233.215038,323.633581
251.929337,361.231598
257.775574,290.407318
213.331558,283.686615
207.099274,358.963806
2
238.249329,321.875569
256.691925,359.358032
262.841553,288.432343
218.495789,281.728760
212.064865,357.484100
118.222676,315.417554
96.151558,277.619080
90.276207,349.147308
141.653458,355.544556
147.935883,279.555450
2
121.303043,313.639822
99.039742,275.630646
93.067162,347.490204
144.844254,353.830719
151.233124,277.758362
241.326229,320.213538
259.744812,358.162384
265.997955,286.763458
221.718964,279.815582
215.145004,355.710205
2
242.763095,319.741022
261.159943,357.637787
267.328522,286.308167
223.150726,279.340332
216.561966,355.400024
122.797822,313.224651
100.392540,275.110107
94.492935,347.109467
146.437668,353.439362
152.775497,277.337280
2
243.251879,318.005505
261.614136,356.093719
267.964966,284.542328
223.767609,277.589935
217.014359,353.532867
123.331528,311.251861
101.071083,273.162354
94.897057,345.127869
146.863678,351.517365
153.415176,275.411072
2
124.240110,307.966644
102.014229,269.828308
95.708847,341.714050
147.713501,348.245636
154.459122,272.222931
244.352436,315.022161
262.537018,353.097015
269.148712,281.630585
224.972565,274.444611
218.003067,350.505188
2
247.099540,313.612848
265.167267,351.931915
271.978882,280.206451
227.845612,272.778015
220.723831,349.028473
126.444512,306.104552
104.230095,267.732208
97.741478,339.910309
149.905807,346.630707
156.940598,270.186981
2
251.480944,312.992159
269.445404,351.311249
276.261536,279.525543
232.242371,271.955322
225.034439,348.708618
130.243767,305.479589
107.808182,266.957733
101.271423,339.516510
153.918625,346.129272
160.991806,269.356567
2
133.331688,304.795500
110.789825,266.123749
104.173653,338.886780
157.135132,345.631561
164.338409,268.542755
254.641988,312.680415
272.564545,351.205292
279.382904,279.167114
235.460312,271.449036
228.326263,348.326904
2
256.889734,312.506145
274.799103,351.214752
281.680603,278.832642
237.795410,271.236420
230.605606,348.207947
135.421778,304.659733
112.742035,265.944336
106.125275,338.880096
159.375031,345.549072
166.428528,268.441681
2
137.392813,304.410556
114.578156,265.641602
108.021378,338.668121
161.465561,345.317383
168.511230,268.115387
259.288159,312.229855
277.090881,351.043182
284.053009,278.616669
240.303925,270.840607
232.921692,348.016907
2
142.071316,304.806675
119.097740,265.793365
112.477234,339.150085
166.369995,346.070251
173.496277,268.338562
264.831542,312.562622
282.578705,351.357239
289.425171,278.721924
245.863724,271.099701
238.562012,348.709351
2
145.945896,304.383331
122.725075,265.277008
116.013435,338.958984
170.512939,345.756836
177.683670,267.722321
268.930436,312.270275
286.620392,351.345581
293.572662,278.330811
250.069473,270.608337
242.633133,348.489258
2
149.220307,304.489454
125.900375,265.201752
119.104347,339.090546
173.875336,346.026428
181.171814,267.779449
272.430019,312.595210
290.030457,351.764343
297.110138,278.570099
253.599854,270.689362
246.189178,348.772003
2
276.403883,313.316864
293.951477,352.471741
300.993378,279.118683
257.592834,271.342773
250.197342,349.763977
152.586399,305.282941
129.070358,265.955109
122.339783,340.014465
177.531860,347.001312
184.716644,268.388489
2
155.399924,305.978129
131.690033,266.540771
125.040810,340.716980
180.487610,347.707214
187.732452,268.981171
279.632053,313.980047
297.119598,353.323486
304.087189,279.766418
260.883240,271.799011
253.474747,350.575073
2
160.354116,306.608037
136.368790,266.839996
129.721817,341.507202
185.627808,348.512207
193.007996,269.405701
285.286211,314.536164
302.747375,354.244080
309.615540,280.206940
266.705780,272.282959
259.244812,351.281158
2
293.185597,315.389442
310.569092,355.286133
317.469208,280.809143
274.606598,272.748962
267.169739,352.436493
167.626087,307.160438
143.226456,267.111145
136.554764,342.224426
193.381180,349.434570
200.722183,269.811493
2
170.092422,307.587419
145.581009,267.571564
138.866486,342.779602
196.056808,349.975311
203.452499,269.990021
295.908862,315.498666
313.184082,355.413269
320.230316,280.730377
277.445496,272.838837
269.924713,352.643829
2
299.098995,316.679204
316.447815,356.851440
323.320068,281.880615
280.612793,273.873291
273.212097,353.871094
173.012275,308.769669
148.348618,268.601318
141.669327,344.090851
199.111771,351.276489
206.448212,271.089844
2
303.628885,317.509791
320.891571,357.783691
327.833588,282.517120
285.243805,274.617340
277.806152,354.841644
176.937349,309.742831
152.062714,269.509949
145.398117,345.246185
203.240005,352.285431
210.538177,271.918762
2
309.801337,318.421665
326.998505,358.836853
333.967072,282.990265
291.496429,275.403168
284.218842,355.930298
182.324309,310.590691
157.163757,270.065002
150.506714,346.304779
208.885620,353.372559
216.288986,272.466583
2
314.399571,318.998921
331.640076,359.879120
338.300964,283.674438
296.216522,275.883789
288.783661,356.857330
186.380741,311.401265
160.991043,270.757935
154.265778,347.294006
213.238052,354.393921
220.585953,273.172394
2
320.595029,320.350548
337.718048,361.189178
344.458862,284.713562
302.404266,276.965332
295.037354,358.517029
192.103402,312.713689
166.376877,271.871979
159.725647,348.743103
219.391907,356.035095
226.591156,274.336304
2
324.024663,321.501688
341.056244,362.229187
347.901001,285.626801
305.728607,277.750458
298.658966,359.614380
195.313430,313.690771
169.340607,272.671173
162.733597,349.767273
222.806900,357.111969
230.073273,275.200287
2
326.623643,322.244072
343.741699,363.208893
350.405487,286.280914
308.370422,278.562714
301.407623,360.376007
197.701512,314.454790
171.520721,273.305908
164.998505,350.633514
225.407867,358.001434
232.529175,275.925598
2
327.791557,322.870279
344.912842,363.610840
351.445557,286.668152
309.477509,279.291504
302.606812,361.415192
198.804711,315.574783
172.575226,274.550140
166.111496,351.871887
226.665588,359.151031
233.696350,276.836914
2
330.015334,326.186645
347.269012,367.153564
353.632324,290.126282
311.600159,282.461884
304.856537,364.601166
200.558460,318.424972
174.146652,277.255249
167.864456,354.418091
228.603806,362.140991
235.411545,280.054901
2
202.732066,324.257867
175.822830,282.752380
169.771820,360.941498
231.265121,368.267975
237.908661,285.107513
333.594454,330.821060
350.932739,372.060211
357.095032,294.167969
315.133545,286.911743
308.553741,369.876251
1
208.506371,325.655427
181.208191,283.962250
175.253769,362.433258
237.452209,369.865112
243.937424,286.468201
1
211.126593,326.977799
183.854324,285.108521
177.823715,364.272095
240.116135,371.483490
246.491425,287.374420
1
209.523896,328.142132
181.955017,286.007233
175.989899,365.600403
238.695404,372.726410
245.194672,288.297028
1
210.562867,329.372808
182.908188,287.345398
176.968689,366.860107
240.096481,374.255676
246.380005,289.404938
1
210.368050,331.440702
182.471588,289.064056
176.778564,369.047089
239.932358,376.350922
246.176620,291.349854
1
210.825943,332.060569
182.783234,289.522552
177.089386,369.897034
240.638275,377.282928
247.057846,291.425507
1
218.462652,332.842621
189.922760,289.940979
184.073013,370.850769
248.768066,378.398224
255.019241,292.439514
1
220.886884,333.820589
191.943512,290.659180
186.188614,372.377533
251.840103,379.979156
258.107483,292.460815
1
220.234223,333.456454
191.158905,289.877838
185.457138,372.171570
251.159607,379.807983
257.341614,292.147156
1
220.691046,333.686126
191.382248,289.846405
185.636581,372.494171
251.771851,380.176392
258.164856,292.199677
1
222.499825,333.096431
192.927841,288.986145
186.985519,372.422974
254.020889,380.114014
260.409546,291.117340
1
224.767714,332.179155
194.831421,287.880920
188.851913,371.946167
256.796051,379.573090
263.350098,289.459625
1
226.253933,331.045602
196.147491,286.011475
189.918732,370.952972
258.420593,379.161469
265.118195,288.360535
1
225.067946,330.683525
195.013489,285.676636
188.832214,370.883331
257.264313,378.897949
263.925476,287.575104
1
223.978327,329.996376
193.608505,284.774902
187.482574,370.463379
256.441620,378.335083
263.289062,286.408081
1
225.569671,328.183328
195.032089,282.636383
188.575439,368.948700
258.398682,377.147949
265.384766,284.309540
1
228.262971,327.295327
197.490265,281.122437
190.857315,368.316376
261.107697,376.577179
268.388458,283.291565
1
228.766113,325.598344
197.858429,279.051971
191.020172,366.966278
261.762634,375.290466
269.198822,281.285828
1
226.335886,324.122767
195.249191,277.152985
188.428909,365.768707
259.498627,374.229309
267.102875,279.334717
1
225.369948,323.095076
194.111267,275.906555
187.116257,365.000946
258.726959,373.451263
266.363770,278.187469
1
224.798790,320.982706
193.506943,273.501190
186.456482,363.082245
258.324432,371.853729
266.200317,275.524170
1
223.994213,319.796943
192.409058,271.847229
185.169342,362.173096
257.741730,371.029358
265.826874,274.137878
1
225.459777,317.268298
193.545166,268.809906
186.095901,359.947693
259.598541,369.103790
267.960876,271.187439
1
226.337881,316.652356
194.221268,267.803223
186.605713,359.646118
260.633575,368.815857
269.211853,270.258881
1
225.668745,315.961860
193.305908,266.722748
185.648926,359.383423
260.265686,368.600098
268.830505,269.131287
1
226.004092,314.511613
193.343811,264.835602
185.546967,358.281128
260.897766,367.584595
269.718658,267.217957
1
225.928516,313.663734
193.066940,263.609680
185.071854,357.753265
261.204254,367.394989
270.144897,265.948639
1
225.785040,313.040067
192.591141,262.627716
184.622452,357.538025
261.418121,367.156860
270.410583,264.798553
1
226.062774,312.663244
192.701797,261.773590
184.665237,357.473541
261.764099,367.122925
270.939606,264.086823
1
227.200748,311.636855
193.527130,260.355743
185.348892,356.916565
263.423065,366.799347
272.613434,262.504669
1
227.241911,310.980344
193.239594,259.021576
184.883774,356.674255
263.650818,366.616608
273.152893,261.453796
1
226.083666,310.808246
191.881378,258.620697
183.565598,356.772400
262.924500,367.021820
272.375977,260.763947
1
225.307032,310.643455
190.894287,258.089478
182.431473,356.996460
262.299072,367.136444
271.786346,260.394409
1
224.161387,311.217832
189.538010,258.300415
181.061325,357.844635
261.484955,368.262146
270.999908,260.546661
1
225.047481,311.247092
190.000793,257.890045
181.394302,358.417419
262.726044,368.611053
272.318146,260.167816
1
227.058142,310.917818
191.530273,257.014709
182.822464,358.575836
265.390106,369.075317
275.080231,259.180450
1
227.269538,310.473212
191.515594,256.037476
182.763840,358.602875
265.817322,369.162598
275.651794,258.151337
1
226.593990,310.640627
190.675262,255.837280
181.962982,358.917450
265.278931,369.664551
275.101288,258.170868
1
224.785703,310.736861
188.680801,255.759399
179.940445,359.391022
263.852448,370.224365
273.843201,257.512695
1
223.284086,310.151832
186.958252,254.710938
177.995010,359.383789
262.709717,370.323669
272.796692,256.328644
1
223.184523,309.334509
186.387802,253.033829
177.280548,359.061157
262.997528,370.250244
273.224335,255.127609
1
223.479503,309.129146
186.385406,252.652557
177.278748,359.174011
263.721771,370.398895
274.138977,254.254578
1
223.034500,309.235981
185.608154,251.951828
176.579498,359.693878
263.491486,371.158783
273.915070,253.971176
1
220.974620,308.984521
183.304947,251.400421
174.054123,359.977966
261.749146,371.314880
272.232452,253.277237
1
220.290227,308.778107
182.313034,250.763184
172.997574,360.169708
261.506012,371.740387
272.205780,252.362930
1
220.076173,308.443525
181.930527,250.038162
172.575150,360.292572
261.537476,371.925537
272.282562,251.458405
1
218.672727,307.739265
180.291061,248.761063
170.861557,360.071930
260.295349,371.697601
271.143921,250.305878
1
216.638661,307.342959
178.006271,247.862778
168.472961,360.082733
258.619171,371.978058
269.589966,249.363113
1
216.172387,307.123747
177.225906,247.233505
167.585114,360.480530
258.609009,372.380981
269.660736,248.384781
1
216.290905,306.612942
176.890411,246.055252
167.054108,360.502014
259.201263,372.565216
270.398071,247.393311
1
216.632003,306.572956
176.864243,245.665207
166.998718,360.657440
260.014648,373.017212
271.385315,246.909271
1
217.767381,306.464400
177.504837,244.716141
167.570343,361.232025
261.560638,373.627502
273.155090,246.033478
1
217.093676,306.499885
176.392166,244.115601
166.427338,361.907623
261.409119,374.423340
272.994446,245.367874
1
215.213089,306.290961
174.391510,243.734985
164.405991,362.219879
260.040436,374.985474
271.588959,244.231888
1
213.879773,306.228360
172.558182,242.808975
162.439545,362.694672
259.057434,375.565948
270.854187,243.687134
1
215.291808,306.458324
173.370743,242.226166
163.050751,363.537109
261.122101,376.680267
273.053040,243.348175
1
216.138892,306.628875
173.851730,241.818359
163.647354,364.142303
262.363678,377.474304
274.347748,242.851151
1
215.147926,307.515931
172.417938,241.942398
162.091385,365.584045
261.847290,379.180878
273.808838,243.314072
1
214.178350,308.776866
171.088867,242.997589
160.823181,367.544861
261.742401,381.386902
273.777893,243.131012
1
212.941590,309.931693
169.415176,243.053818
159.140091,369.255859
260.588928,383.141327
272.457794,244.306213
1
213.603769,310.685404
169.812286,244.004272
159.588867,370.516754
261.964569,384.324219
273.914124,243.880692
1
214.437945,310.922165
169.714432,242.817596
159.441025,371.073669
263.558136,385.721954
275.532745,244.101257
1
214.055020,312.378725
169.079712,244.009399
158.823624,373.492310
263.821045,388.030670
275.774414,244.086166
1
211.480743,312.752054
166.389084,244.159256
156.081482,374.487488
261.618561,389.020996
273.897400,243.196625
1
210.969505,312.915957
165.190857,243.019318
154.813522,375.214905
261.596619,390.215424
273.958099,243.036972
1
211.502822,313.599550
165.022949,243.238419
154.666687,376.845398
263.164429,391.804779
275.440460,242.451324
1
213.167971,313.872428
165.883011,242.104080
155.357559,377.800964
265.572693,393.411469
278.118958,242.047623
1
215.029925,315.038252
166.913559,242.157730
156.411575,380.018250
268.437805,395.933685
280.868500,242.054443
1
215.980193,315.958107
167.601334,242.922867
157.080536,381.755646
269.984497,397.485809
282.425293,241.731461
1
212.437929,315.026731
163.825195,241.264023
153.265747,381.326538
266.858063,397.601318
279.541260,239.840424
1
210.284299,314.046264
160.964249,239.149597
150.039871,380.854584
265.112701,397.307831
277.922607,239.038467
1
210.923226,314.640405
161.203476,239.331512
150.395905,381.956848
266.542572,398.885223
279.471069,238.403809
1
216.393836,318.299379
165.210388,241.064423
154.391129,386.524658
273.872711,405.034027
286.628662,241.015808
1
225.893022,323.425054
173.132095,245.317566
162.394409,393.467896
285.401062,411.520996
297.995422,243.891708
1
224.821075,323.688556
171.713272,244.463394
160.950378,394.778229
284.732300,413.062927
297.345154,242.967453
1
220.423678,323.522390
166.840012,243.592621
156.110413,394.986206
280.762634,413.528900
293.340118,242.498871
1
215.450604,323.782655
161.894867,243.547348
151.144943,395.998108
275.887573,414.327179
288.703369,241.519577
1
213.902560,323.790501
159.692261,242.398239
148.862350,396.672180
275.261749,415.916229
288.330383,240.389404
1
218.081165,324.662920
162.602539,241.993271
151.551178,399.032501
281.139954,418.627899
294.365509,239.389572
1
216.814396,324.542766
160.873245,240.546539
149.843689,399.868195
280.360870,419.958466
293.669830,238.099472
1
210.710839,324.397997
154.619308,239.620544
143.621292,400.450073
274.365570,420.606567
287.873535,236.927094
1
206.447856,324.618532
150.022934,239.076721
138.818039,401.331940
270.594543,421.866760
284.382813,236.215866
1
206.248836,324.691499
149.131744,238.493622
137.842331,402.210785
271.418182,423.041382
285.251038,235.165009
1
208.455241,325.682699
150.507553,238.197510
139.059326,404.090027
274.655518,425.627045
288.619781,235.108383
1
207.046424,325.615064
148.500214,237.215683
137.037170,405.325745
274.091888,426.847534
288.241821,233.168137
1
207.676451,325.306660
147.851776,235.395584
136.333755,406.255341
276.270355,428.397095
290.510956,231.318848
1
205.623691,324.847891
145.451141,233.583252
133.734802,406.894958
274.804169,429.774994
289.476868,229.145935
1
201.439121,324.822963
140.802948,232.439926
129.018646,407.762054
271.055298,430.887604
285.922791,228.068573
1
199.893539,324.648267
138.814423,231.657120
126.941368,408.319580
270.104248,431.541992
285.196259,226.811691
1
200.275040,324.091508
137.913712,229.478195
125.763359,409.141144
272.283661,433.341492
287.663452,224.344025
1
199.943441,324.727081
136.701569,228.052139
124.530647,411.744507
272.973022,436.364044
288.514099,222.527039
1
196.194396,324.136751
132.224152,226.327164
119.828407,412.053345
270.213348,437.310669
286.292450,220.411072
1
195.134523,324.485202
130.066376,224.930557
117.322395,413.687714
270.770813,440.209167
287.117706,219.037231
1
195.582928,323.831824
129.646179,222.956360
116.687218,414.409729
272.393341,441.342712
288.956879,216.631866
1
192.514934,323.963961
126.142242,221.872940
113.071533,416.110168
270.135651,443.356110
287.002411,214.368164
1
191.052248,323.321721
123.493759,219.503494
110.061867,417.134277
270.329590,445.148499
287.615631,211.470688
1
192.681164,323.086503
123.813103,217.470139
110.259895,418.599762
273.658325,447.273437
291.259949,208.849228
1
192.939913,323.020362
123.571182,216.182495
109.891846,419.773376
274.821472,449.129791
292.364471,207.188339
1
188.274470,322.330787
117.946678,213.652023
104.009911,420.514526
271.303223,450.636566
289.303192,204.613708
1
189.990158,321.592335
118.512558,211.600708
104.337082,421.271088
274.751495,452.025330
293.184998,201.499359
1
187.291343,322.276257
115.046066,210.266357
100.701111,423.394043
273.381531,455.751465
291.891083,200.127441
1
186.984521,321.021497
113.634033,207.725601
98.936913,423.703003
274.472687,456.154205
293.575409,196.714737
1
185.641833,319.235291
111.420738,204.089844
96.478645,424.235199
274.428284,456.977203
294.052063,191.569778
1
185.601261,318.548503
108.902397,200.333221
93.430313,425.870178
277.956909,460.895447
297.920776,187.766312
1
180.013644,317.554153
103.640121,198.066711
88.158813,427.031769
272.415863,462.118713
292.800079,183.129105
1
182.503159,315.763665
103.673294,194.730911
87.470764,426.058899
278.079315,462.508118
299.052612,180.495590
1
188.233755,315.934931
109.024246,193.866745
93.077820,427.192657
284.524475,464.326630
305.566742,178.747467
1
190.083581,313.853944
108.952087,189.671112
92.627739,426.928589
288.427765,464.383148
309.951996,174.774765
1
196.706337,313.368432
114.768379,188.505981
98.181908,427.070068
296.317780,465.162903
317.975311,173.418564
1
201.698683,312.821656
118.541725,187.483368
101.873528,427.054962
302.985931,465.486816
324.798492,171.954376
1
208.658865,312.924348
124.247948,186.800827
107.748566,427.743988
311.565247,466.683075
333.604980,170.755829
1
214.393922,312.118290
129.037903,185.651917
112.479584,427.418427
318.401031,466.218750
340.573029,169.366364
1
221.345200,311.891730
135.393951,184.566055
118.657463,427.563538
326.089294,467.056580
348.689056,168.446228
1
228.298610,311.189024
140.940002,183.551132
123.999748,427.750977
335.566284,467.915649
357.561066,166.728348
0
0
0
0
0
0
0
0
0
0
0
0
0
0
0
0
0
0
0
0
0
0
0
0
0
0
0
0
0
0
0
0
0
0
0
0
0
0
0
0
0
0
0
0
0
0
0
0
0
0
0
0
0
0
0
0
0
0
0
0
0
0
0
0
0
0
0
0
0
0
0
0
0
0
0
0
0
0
0
0
0
0
0
0
0
0
0
0
0
0
0
0
0
0
0
0
0
0
0
0
0
0
0
0
0
0
0
0
0
0
0
0
0
0
0
0
0
0
0
0
0
0
0
0
0
0
0
0
0
0
0
0
0
0
0
0
0
0
0
0
0
0
0
0
0
0
0
0
0
0
0
0
0
0
0
0
0
0
0
0
0
0
0
0
0
0
0
0
0
0
0
0
0
0
0
0
0
0
0
0
0
0
0
0
0
0
0
0
0
0
0
0
0
0
0
0
0
0
0
0
0
0
0
0
0
0
0
0
0
0
0
0
0
0
0
0
0
0
0
0
0
0
0
0
0
0
0
0
0
0
0
0
0
0
0
0
0
0
0
0
0
0
0
0
0
0
0
0
0
0
0
0
0
0
0
0
0
0
0
0
0
0
0
0
0
0
0
0
0
0
0
0
0
0
0
0
0
0
0
0
0
0
0
0
0
0
0
0
0
0
0
0
0
0
0
0
0
0
0
0
0
0
0
0
0
0
0
0
0
0
0
0
0
0
0
0
0
0
1
299.402442,590.653550
278.315216,555.836975
274.675049,639.201050
318.979401,622.976562
322.544678,545.218201
1
296.254717,584.512916
275.400940,549.928772
271.272247,632.860474
315.688721,616.742493
319.548370,539.433655
1
292.105753,577.096963
271.386780,542.335510
266.665924,625.135498
311.331360,609.352905
315.620789,532.693054
1
288.856440,572.181274
268.253937,537.228149
263.301453,619.526123
307.869629,604.438049
312.662140,528.077271
1
286.692099,568.396777
266.246399,533.569824
260.896240,615.809998
305.753387,600.865540
310.561005,524.525330
1
283.185637,562.579460
262.920135,527.694092
257.295380,609.193054
301.924042,594.836060
307.478027,518.842712
1
279.757476,554.111413
259.747192,519.311218
253.572586,600.013611
298.284210,586.331543
304.360931,510.981476
2
150.185320,578.167505
120.951469,538.208984
113.142067,635.203918
177.096832,614.951721
184.285431,525.662720
277.173402,547.036738
257.381195,511.965698
250.618332,592.575500
295.513519,579.534729
302.033813,504.404114
2
274.274764,538.753906
254.741302,503.527740
247.472687,583.753357
292.306915,571.272644
299.404236,496.562683
147.296686,568.383920
118.454842,528.503357
110.013290,624.688232
173.920258,605.197205
181.638412,516.522034
2
144.707723,557.649524
116.137955,517.397827
106.983704,613.263123
170.962067,594.639038
179.418167,506.478607
271.764101,529.862425
252.529205,494.623993
244.565765,574.427856
289.622498,562.579102
297.142334,488.279297
2
270.237638,525.247011
251.214752,489.912201
242.831604,569.561096
287.889465,558.035095
295.830261,483.865112
143.292918,552.085474
114.909393,511.607361
105.408859,607.191650
169.314072,589.194580
178.171997,501.350342
2
268.130380,515.640832
249.482193,480.478638
240.478439,559.230469
285.455261,548.307861
294.145782,474.630981
141.156378,541.260966
113.063881,500.902740
103.053856,595.583130
166.899872,578.244568
176.327057,491.118683
2
265.546908,505.662498
247.199707,470.407104
237.515945,548.837708
282.682922,538.590515
291.705536,465.371185
138.652632,529.178341
111.022797,488.435883
100.203972,582.579773
163.927979,566.448914
174.209976,479.792664
2
136.444568,518.317609
109.160416,477.299866
97.555473,571.006531
161.424042,555.870605
172.344543,469.678497
263.325378,496.969594
245.330002,461.329651
235.003464,539.247131
280.081451,530.155090
290.060303,457.061035
2
262.452672,487.494520
244.717255,451.696564
233.688141,529.574341
278.859131,520.610046
289.448883,448.001587
135.397317,507.080161
108.499146,465.860748
96.307137,558.945801
160.074448,544.895996
171.626633,459.010376
2
261.641065,471.212064
244.574463,435.376587
232.422226,512.239441
277.419189,504.342072
289.147827,432.588684
134.961999,488.102194
108.688950,446.901337
95.361320,538.815186
159.030243,525.845520
171.682816,441.077179
2
260.150064,457.375180
243.590012,421.278137
230.490829,497.513245
275.452240,490.730347
287.991577,419.697052
133.636416,471.905933
107.967873,430.253632
93.755165,521.371643
157.115799,510.005890
170.803894,425.806183
2
132.421088,456.346869
107.131187,414.284332
92.036957,504.997284
155.457596,494.661530
169.964340,411.118835
258.748298,444.390559
242.616364,408.352844
228.665894,484.140778
273.720154,477.836731
287.135986,406.879700
2
131.970923,441.272689
107.265938,398.711273
91.115982,488.919861
154.481064,480.052856
170.070663,396.838776
258.342596,431.750194
242.776810,395.026215
227.721115,470.733063
272.744598,465.728485
287.170349,395.050842
2
132.575634,428.220121
108.310219,385.275635
91.308784,475.138702
154.682297,467.344086
171.095764,384.424438
258.666977,421.063329
243.518402,383.854919
227.853836,459.316589
272.612701,455.317261
288.119781,384.498871
2
132.944861,417.557812
109.066895,374.034149
91.460007,464.025391
154.693680,457.200562
171.731430,374.112610
258.893556,412.300383
244.063721,374.872711
227.594879,450.309296
272.517578,446.684814
288.526947,376.313782
2
259.190438,404.338199
244.698608,366.768280
227.613068,442.099823
272.540802,438.948883
289.125366,368.540680
133.322420,407.908399
109.770103,363.722839
91.505676,453.645599
154.639008,447.899597
172.393326,365.174469
2
259.271441,398.825203
245.036392,361.633850
227.618912,436.112213
272.480408,433.335754
289.441406,363.284668
133.602860,401.821830
110.220779,357.882782
91.662895,447.331726
154.826263,441.704346
172.770264,359.320496
2
259.079203,389.357302
245.286835,351.542603
227.064819,426.321075
271.874847,424.439270
289.537659,354.190002
133.457802,390.310328
110.501114,345.790375
91.287071,435.186676
154.263428,430.658722
172.938385,348.296722
2
257.166476,383.354287
243.472885,344.977600
224.716324,420.244446
269.788879,418.728943
287.964172,348.342682
130.760410,382.832379
108.027039,337.715088
88.251251,427.438782
151.382172,423.758911
170.690475,340.932312
2
254.408147,378.098462
240.577835,339.468323
221.425156,415.039124
267.144379,413.672668
285.665405,343.090607
126.480543,376.338304
103.356064,330.614929
83.145744,420.966003
147.402130,417.705963
167.215363,334.388153
2
257.198075,373.621832
243.682938,335.019531
224.201111,410.310669
269.608978,409.070190
288.392761,338.936920
130.120914,371.352595
107.407730,325.810394
86.774857,415.638672
150.749969,412.715912
170.689606,329.904114
2
133.405608,366.070227
111.254677,320.428040
90.421959,409.599609
153.576920,407.633392
173.929230,325.032104
259.442760,369.645809
246.117935,330.941132
226.373856,406.220978
271.599365,404.957153
290.464661,335.334686
2
258.653230,369.300622
245.519455,330.731750
225.946823,405.148804
270.819183,405.027374
289.898926,335.053467
132.907825,365.579165
110.668404,319.894073
89.876587,409.150024
153.130051,407.120453
173.228973,324.752380
2
257.997810,368.846775
244.707382,330.200653
225.026031,405.229706
270.148224,404.177948
289.160980,334.459564
132.039138,364.886848
109.859406,319.238464
89.079773,408.297119
152.303894,406.593994
172.404922,324.097382
2
132.985771,358.946946
110.968071,312.962341
89.721703,402.183716
152.966003,400.676239
173.647736,318.310638
258.928821,363.385568
245.992828,324.705688
226.009201,399.099548
270.872253,399.097595
290.327423,329.321716
2
132.262656,353.668967
110.401077,307.824402
89.029770,396.713837
152.087738,395.242920
172.892868,313.215454
257.992887,358.436790
245.159943,319.877228
224.843445,394.101318
269.839539,394.032806
289.478851,324.561951
2
131.742405,343.836418
110.215843,297.897705
88.416626,386.101349
151.331223,385.639893
172.741516,303.841187
257.681569,349.698853
245.082504,311.061340
224.216812,384.956390
269.210999,385.056122
289.427582,316.252136
2
132.251066,330.387031
111.074303,284.501740
88.548294,371.976410
151.431778,371.947327
173.502518,291.130432
258.032542,337.954276
245.675781,299.276520
224.202606,372.786774
269.243927,373.046906
289.951324,305.089569
2
258.307287,317.748542
246.909409,278.499237
223.985992,351.532318
268.712372,353.579102
291.091522,285.477753
132.858578,306.469229
112.476402,259.993652
88.534515,346.856018
151.345779,348.623871
174.755905,268.293610
2
260.108701,297.211767
249.402542,257.479889
224.955521,330.214142
269.881409,333.479492
293.609070,265.761078
134.667067,282.329453
115.036552,235.104385
89.683731,321.609985
152.459808,325.133392
177.441086,244.978149
2
136.387169,265.740616
117.376411,217.535355
90.932343,304.403351
153.477371,309.075958
179.512512,229.059280
261.337368,283.303890
251.311234,243.045364
225.936707,315.470337
270.464966,319.954468
295.433960,252.322372
2
137.324169,255.129921
118.809532,206.447586
91.497101,293.383240
154.092209,299.219757
180.838943,218.806747
262.169345,274.708261
252.502640,234.031448
226.442413,306.598816
270.988098,311.816956
296.538147,244.029999
2
138.759696,240.275375
120.689026,191.028534
92.625214,277.815277
154.980881,284.481934
182.679184,204.537827
263.432915,261.774121
254.197556,220.876114
227.269257,293.146576
271.861328,299.098633
298.075073,231.721588
2
140.624007,225.027365
123.125519,174.972900
93.915512,261.972687
156.366928,270.060028
185.048492,189.888641
265.129406,249.062311
256.386749,207.777908
228.535065,280.001801
273.095367,286.679016
300.371765,219.265884
2
143.436534,209.986814
126.440872,159.178024
96.196457,246.377197
158.633957,255.419739
188.339600,175.396698
267.816097,236.441601
259.539734,194.499466
230.656860,266.975433
275.327271,274.505981
303.369843,207.227005
2
146.377570,197.387236
129.888962,145.878967
98.804459,233.333374
161.116089,243.428452
191.705917,163.137238
270.543125,225.790010
262.852448,183.481888
233.010452,255.970673
277.540161,264.282257
306.461395,196.907516
2
149.727726,182.130335
133.741714,130.101303
101.766693,217.500076
163.971390,228.488617
195.354782,148.481827
273.592946,212.560407
266.372681,169.937317
235.844559,242.202515
280.117767,251.078110
309.854767,184.085632
2
276.729739,196.478720
270.174957,153.430359
238.627075,225.326889
282.678833,235.549240
313.624237,168.545273
153.272253,163.143345
137.986832,110.206764
104.821068,197.803986
166.862534,210.209305
199.501709,130.072067
2
156.146690,148.210583
141.717529,93.695175
106.995102,182.348053
168.986115,196.719742
203.067398,115.622536
279.230984,185.309551
273.445984,141.126358
240.282639,214.061096
284.488831,225.466583
316.750977,157.612411
2
281.719523,176.912760
276.161591,132.845413
242.625580,205.518143
286.776917,217.011475
319.491455,149.274704
158.729306,139.155596
144.539261,84.706810
109.290787,173.165512
171.399948,187.774261
205.982986,106.648682
2
284.821805,162.090576
279.912781,117.475746
245.651077,189.860519
289.265564,202.476929
322.990906,135.030731
162.208936,121.988182
148.598694,66.665970
112.353073,155.227188
174.203140,170.741608
209.728622,90.306709
2
166.664677,99.139034
153.987381,42.470524
116.001038,131.540787
177.878113,149.263977
215.199005,68.099075
289.213260,143.169645
285.136993,97.699829
248.883163,170.417801
292.888885,184.170395
328.100037,116.896637
2
293.411710,130.890938
290.013885,84.591507
252.898285,157.644653
296.470490,172.570480
332.898224,104.815361
171.425100,83.947105
159.419418,26.417999
120.264740,115.854446
182.068420,134.948013
220.552475,53.307682
2
174.153559,72.761075
162.762543,14.385197
122.554848,104.336937
184.248184,124.493301
223.598846,42.503002
295.858956,121.793401
292.930817,75.143021
254.875427,148.344223
298.495758,163.802277
335.642059,96.020264
2
177.686884,58.160972
166.718597,-0.334544
126.118469,89.047150
187.444138,110.197868
227.701630,28.205343
299.359908,108.698309
296.875549,61.997944
258.197845,134.651947
301.601898,150.842697
339.464996,83.411118
1
303.550459,92.413003
301.824036,44.843918
261.854095,117.894516
305.102417,135.174942
344.202942,67.569427
1
307.881289,84.481875
306.736206,36.146797
265.491364,109.874588
308.913422,128.049179
349.012665,59.843067
1
310.750220,80.047270
309.924469,31.329967
268.279785,105.362320
311.491669,123.790939
352.033508,55.439835
1
314.945085,66.268423
314.668671,17.136560
272.174713,91.263466
315.191895,110.138107
356.539703,41.960491
0
0
0
0
0
0
0
0
0
0
0
0
0
0
0
0
0
0
0
0
0
0
0
0
0
0
0
0
0
0
0
0
0
0
0
0
0
0
0
0
0
0
2
29.354757,601.379884
5.118955,568.320312
12.162644,637.216553
55.368080,636.864136
47.279358,564.016357
141.279665,579.006906
169.427963,607.852173
159.742310,538.634766
111.845261,548.843689
121.337326,622.614685
2
27.029298,580.586616
3.359365,547.680298
9.376642,616.258179
52.427608,615.895752
45.173897,543.920959
138.597154,560.446940
166.006516,589.405273
157.612671,520.776428
109.624969,529.837463
118.116020,603.175049
2
24.296302,559.297124
1.783576,526.688171
5.857294,595.020996
48.925346,594.971497
42.732101,523.579468
135.436019,541.683799
162.381958,571.364319
154.936462,503.173004
107.246185,510.633148
114.338394,583.348816
1
132.737384,525.972240
159.222153,555.723511
152.673798,488.063629
104.970261,494.780457
111.267700,566.796326
1
130.791267,512.008582
156.880753,542.260742
151.150314,474.817322
103.561447,480.434143
108.851929,552.086670
1
129.737771,501.123965
155.437164,531.373047
150.497131,464.043091
102.758720,469.368683
107.671448,540.539368
1
127.555234,480.588070
152.605942,510.960602
148.667709,444.558990
101.145813,448.568176
104.953026,519.159424
1
125.580090,462.115998
150.147552,492.707153
147.107544,426.785217
99.895607,430.133942
102.607735,499.818146
1
124.162542,446.152810
148.110275,476.900696
145.927094,411.845490
98.836754,413.635559
100.676247,483.174103
2
123.069264,427.795822
146.428345,458.979889
145.683334,393.707306
98.479523,394.968842
99.220665,463.745270
128.504838,588.116778
152.566025,615.800171
150.829483,547.817261
103.177711,558.976868
104.738861,631.018127
2
123.584561,412.312156
147.099792,444.171234
146.092514,379.182709
99.077652,379.109528
99.188026,448.221405
127.099825,572.330404
150.604431,600.038208
149.756912,532.541931
102.176460,542.950134
103.207680,614.287781
2
125.177570,388.257234
147.714401,420.152527
148.412750,355.527618
101.325264,354.500214
100.681152,422.763458
125.513720,547.002241
147.992126,574.838562
149.153549,507.927185
101.228722,516.928711
100.836563,587.791931
2
125.220637,529.225581
147.605759,557.739380
149.050476,491.410980
101.635910,499.183746
99.853142,569.480225
127.054015,371.472031
148.752716,403.941010
150.929108,339.444885
104.033173,337.024658
101.751488,405.414001
2
125.813309,509.386282
147.527084,538.231812
150.105637,472.433899
102.894875,478.940430
99.870819,548.848816
130.128045,351.974847
151.499695,384.946289
154.269562,320.574341
107.511620,317.083008
104.415573,385.418671
3
130.755991,504.698086
152.375259,534.114258
155.267166,467.941101
108.002281,473.738342
104.716614,543.746765
135.840467,346.739365
156.901108,380.119019
160.280075,315.470001
113.394516,311.164093
109.879410,379.955353
25.766580,344.030770
7.344441,310.070862
3.663553,375.453949
45.169548,379.798767
48.800644,311.283966
3
137.111189,504.889696
158.670563,534.507080
161.504807,467.855835
114.469025,473.784821
111.096130,544.385193
31.519497,342.794221
12.970820,308.766510
9.130661,374.226654
51.144093,378.795715
55.265888,309.455872
142.236478,345.742738
163.367355,379.903442
166.705612,314.325317
119.951324,309.716003
116.489799,378.800476
3
141.912692,503.999569
163.350204,533.804626
166.283234,467.176758
119.282883,472.536835
115.780800,543.483704
36.371345,341.383871
17.598293,306.914124
13.740183,372.884735
55.990528,377.407227
60.231834,308.171875
147.328203,344.616264
168.286133,378.643402
171.808456,313.113373
125.106606,308.537445
121.543800,377.797424
3
150.075519,342.025784
170.868866,376.057648
174.360291,310.349701
127.940979,305.798828
124.094208,375.914764
38.756019,339.007027
20.077555,304.720886
15.840103,370.777985
58.548279,375.337646
62.777317,305.703552
144.350475,502.336212
165.605591,532.078918
168.787064,465.227844
121.907845,470.931793
118.410110,541.728149
3
147.338645,498.854225
168.507278,528.817200
171.839294,461.759949
125.079559,467.347778
121.118111,538.552429
41.582857,334.475694
22.589272,299.727692
18.499548,366.300018
61.594093,371.085449
65.844749,301.026489
153.611495,338.149271
174.234650,372.220123
178.109467,306.375061
131.433289,301.509369
127.585251,371.905670
3
152.130748,495.439785
173.109634,525.407227
176.685333,458.321838
129.869919,463.641144
125.849335,535.168091
46.184612,329.777905
27.090252,294.779388
22.634039,361.751160
66.276207,366.604279
70.922958,296.192078
158.917258,333.734552
179.371078,368.165314
183.488647,301.869934
137.001038,296.842072
132.683960,367.754364
3
49.945688,321.699517
30.919697,286.684326
26.146185,353.701660
70.012283,358.629822
75.165169,287.787994
162.887856,326.279915
183.116486,361.225830
187.822098,294.419128
141.292526,288.972961
136.691406,359.753540
155.125217,488.365236
175.761719,518.555603
179.931213,451.266876
133.226715,456.328613
128.711395,527.868164
3
158.127191,482.469785
178.611511,512.879761
183.057358,445.500305
136.354950,450.147827
131.634018,521.757080
53.452696,314.336769
34.392990,279.067352
29.308222,346.443390
73.609230,351.635834
78.888916,280.512421
166.819293,320.060907
186.811630,355.182220
191.842636,288.322876
145.401596,282.435608
140.356918,353.624115
3
161.220801,480.129340
181.606308,510.677948
186.172836,443.108795
139.556885,447.664978
134.666428,519.527222
170.332080,316.981156
190.279922,352.449829
195.329575,285.317657
149.090912,279.212860
143.740509,350.663818
56.503094,311.333899
37.320580,275.830444
32.115471,343.525818
76.733093,348.776062
82.263359,277.330078
3
163.199749,471.185706
183.239807,501.966003
188.361557,434.373077
141.863190,438.414062
136.494858,510.255920
173.563599,307.823620
193.170685,343.753754
198.969254,276.270630
152.729507,269.644989
146.776993,341.091705
59.557159,301.306772
40.575623,265.680878
34.831932,333.344635
79.574387,338.876526
85.866928,267.215729
4
62.036619,297.371133
42.972107,261.646698
37.090820,329.533539
82.269386,335.284729
88.469429,263.291534
176.473043,304.687931
195.973068,340.839294
201.918549,273.156647
155.702606,266.181335
149.649490,337.926849
165.627073,468.399807
185.502914,499.306610
190.960175,431.703888
144.445648,435.462830
138.686172,507.424683
38.751345,481.755961
72.708862,438.768555
8.564259,443.319916
2.128709,528.117188
67.060257,517.800598
4
168.475423,466.107268
188.380157,497.278534
193.930557,429.250275
147.428070,433.146637
141.611404,505.004211
179.862550,301.982041
199.236267,338.291565
205.352936,270.474548
159.214127,263.283508
152.900696,335.308350
41.784302,479.302556
75.888496,436.270660
11.696830,440.678925
5.080027,525.615173
69.990448,515.511108
65.093250,294.579787
45.955379,258.661072
39.939381,326.726318
85.343117,332.585541
91.851875,260.382385
4
44.619516,466.283145
78.983780,423.441742
14.875610,427.364838
7.597011,512.438538
72.384323,502.611908
184.055941,289.839571
202.942825,326.519989
209.847244,258.543335
163.900574,250.695618
156.687408,323.049683
170.943442,454.339404
190.436127,485.712555
196.564011,417.820831
150.324615,421.153748
143.661835,493.225555
69.030713,281.645258
49.979046,245.340332
43.350437,313.856079
89.053482,319.800720
96.284409,247.460892
4
185.891595,281.897267
204.558609,318.928894
211.936584,250.703766
166.029587,242.495010
158.406372,314.815704
45.511737,456.756043
80.029907,414.365936
16.057980,417.372803
8.272100,502.488251
72.865723,493.331635
171.594898,446.295634
190.701187,477.926086
197.523529,410.159485
151.291306,412.683044
144.117233,484.590637
70.962483,272.597827
52.175247,236.144348
44.888065,304.840851
90.703133,310.901245
98.412628,238.653610
5
172.208336,436.930954
190.935013,468.460297
198.493835,400.959320
152.165222,403.185181
144.546387,474.786255
46.232247,445.470936
81.112923,403.649017
17.212273,405.757355
8.741549,490.422272
73.303673,482.517944
72.854529,262.016480
54.273697,225.486237
46.558762,294.037720
92.526718,300.692352
100.721619,228.081787
153.314629,597.777305
180.601913,557.751770
132.870621,568.976074
124.968636,639.355774
172.991196,625.497375
187.984092,272.533497
206.275192,309.871460
214.247574,241.664856
168.427551,232.612366
160.189758,305.201416
5
74.399990,253.791203
56.002087,216.968170
47.784672,285.755524
93.734238,292.488312
102.512589,220.028687
46.706847,436.710551
81.766998,395.205322
17.943993,396.825165
8.965188,481.390228
73.567215,473.957764
153.059673,589.912966
180.185074,550.161621
132.520950,560.908203
123.963654,632.552185
172.217041,616.966980
172.666060,429.394088
191.138336,461.248535
199.098984,393.862885
152.918396,395.340302
144.654678,467.047058
189.493063,265.130987
207.533798,302.727020
216.070694,234.398239
170.223267,224.973648
161.454895,297.552612
5
149.039927,574.030636
176.824188,534.930786
128.938644,545.009277
119.590370,615.473999
167.928802,601.301575
73.561806,238.382902
55.420685,201.665619
46.582817,270.173553
92.657547,277.032318
102.412224,204.387054
189.993510,250.561017
207.642426,288.346344
217.098633,220.221893
171.153290,210.225174
161.341064,282.632080
43.944353,420.770342
79.449318,379.701050
15.348926,380.751129
5.751480,464.948792
70.402649,457.798645
170.894182,414.574427
188.990723,446.401855
197.960709,379.662048
151.395935,380.281738
142.301926,451.454803
5
74.543951,238.668312
56.465080,201.672165
47.673729,270.414520
93.430763,277.317810
103.038086,205.003510
190.092630,250.993237
207.625534,288.527527
217.201294,220.685593
171.221573,210.594238
161.485809,282.975830
170.938973,414.770287
189.152420,446.668732
197.958038,379.676086
151.579788,380.865234
142.523087,451.678772
44.801837,420.219548
80.174553,379.668365
16.473631,380.073822
6.737564,463.856323
71.161957,457.576172
149.258272,574.149580
176.999146,535.196594
129.210739,545.138733
119.898926,615.375183
168.082977,601.390869
5
172.545994,399.310246
190.127747,431.652313
199.762314,365.137177
153.704132,364.650177
143.912628,435.262573
148.955043,557.416088
176.789505,519.529724
129.458008,528.014343
119.317253,597.757019
167.173126,584.889160
193.655192,235.653280
210.608002,274.115784
220.932510,205.965927
175.550583,194.577576
164.882462,266.968170
47.251367,400.698442
82.963112,361.208740
19.613194,359.697906
8.871507,443.138519
73.032410,438.943970
78.939144,220.542356
61.380802,183.189880
51.653782,251.955368
97.435982,259.891327
107.810280,187.303680
5
78.787192,220.678140
61.144234,183.383713
51.445053,252.268539
97.323280,259.860504
107.820702,187.133575
148.834250,557.267923
176.778137,519.239746
129.422577,527.871948
119.183838,597.618469
167.028549,584.820374
47.044189,401.125487
82.850441,361.307800
19.214409,360.156708
8.692479,443.773804
72.806015,439.049988
172.614585,399.084866
190.061890,431.493622
199.745041,365.121643
153.793442,364.124176
143.805527,435.149445
193.690207,235.312650
210.691101,273.814392
220.997070,205.514603
175.572220,194.281036
164.889648,266.740662
5
194.781087,232.170551
211.561798,270.661896
222.177124,202.404282
176.774307,190.866867
165.956848,263.488586
173.235523,395.905572
190.533463,428.360291
200.393677,362.036346
154.544144,360.836456
144.269028,432.029999
47.822119,397.903220
83.606155,358.213318
20.160011,356.819153
9.186865,440.755554
73.406319,435.901154
148.944619,554.023533
176.901840,516.079468
129.683105,524.645569
119.234489,594.346680
167.036819,581.618042
79.858178,217.323550
62.207993,180.022247
52.351780,249.090790
98.412178,256.534943
108.913445,183.767517
5
147.515610,549.899871
175.673492,512.379089
128.312561,520.417175
117.668457,589.671631
165.623352,577.700928
79.538389,213.044483
62.035645,175.649353
52.039810,244.525970
97.920349,252.318085
108.687271,179.673660
194.420583,228.753914
211.161194,267.385834
221.958893,199.126877
176.509979,187.422028
165.405991,259.969208
172.251682,392.198681
189.642670,424.720306
199.674484,358.262787
153.694260,357.495789
143.226013,428.118134
46.789596,392.740883
82.822296,353.368561
19.287638,351.693848
8.176409,434.932861
72.391579,430.952179
5
170.832350,391.132631
188.116287,423.578033
198.305832,357.253540
152.286530,356.318420
141.814774,426.915833
78.349194,212.385259
60.978378,174.892548
50.884609,243.813141
96.453064,251.460175
107.560493,178.958603
193.080592,227.691040
209.779999,266.312134
220.621826,198.165283
175.225800,186.397858
164.022156,258.843323
45.392196,391.910505
81.478752,352.404816
18.036371,350.989685
6.867653,434.085175
70.860954,430.008514
146.094627,548.596193
174.243011,510.930664
126.851952,519.113159
116.267227,588.508423
164.105896,576.192505
5
193.526417,212.847868
209.772781,251.591583
221.536346,183.609619
176.117889,171.332672
164.021759,243.646393
169.132395,376.044365
185.973709,408.626221
197.137558,342.355835
151.051056,341.063507
139.830627,411.292633
142.682040,532.250940
171.081528,495.296722
123.921989,502.733704
112.469986,571.563721
160.194016,559.804443
44.129800,375.411093
80.378059,336.532623
17.180897,334.151398
5.319928,417.037048
69.120232,413.672302
78.993774,196.871309
62.033455,159.567688
51.330612,228.309158
96.806648,236.050095
108.468414,163.374802
5
167.861759,361.527721
184.371902,394.541840
196.257507,328.515564
150.231674,326.274139
138.106567,396.120331
79.942542,180.907927
63.496559,143.276169
51.846310,212.164139
97.231140,220.467758
109.627663,147.884125
42.880751,358.198023
79.511086,320.180756
16.355204,316.501801
3.704380,398.857727
67.459747,396.834412
194.326149,198.856792
210.091873,238.159897
222.798233,170.101089
177.436218,156.751099
164.371948,229.109375
139.525843,516.623514
168.388199,480.528717
121.108620,486.835114
109.010002,554.786133
156.727142,544.445251
5
195.225052,187.441550
210.584885,227.029114
224.043625,158.941681
178.729080,144.925766
165.002197,217.330170
167.320358,349.742095
183.507950,382.783234
195.755875,317.400024
149.902863,314.190552
137.101410,384.112610
81.161196,168.074703
65.048515,130.031097
52.909672,199.035736
97.976563,207.777420
111.243088,135.107758
137.348984,503.979147
166.422974,468.488373
119.335114,474.006989
106.707558,541.383301
154.266235,532.126709
42.433386,344.240042
79.305656,306.975128
16.325411,301.961243
2.880051,384.214569
66.592064,383.362183
5
167.042170,348.664927
183.181961,381.790955
195.579300,316.466919
149.685989,313.042328
136.877350,382.699432
81.091540,166.587331
65.069168,128.640320
52.788425,197.438766
97.866714,206.317261
111.238045,133.726532
42.088905,342.435969
79.062042,305.391083
16.052376,300.015320
2.622456,381.979004
66.350624,381.964966
195.147922,186.473372
210.457199,226.162613
224.012802,158.067444
178.678818,143.777283
164.910538,216.229980
136.991008,502.743568
166.208374,467.363983
118.905182,472.555756
106.226112,539.997070
153.814850,530.824951
5
136.271356,503.835960
165.317810,468.267456
118.424110,473.851868
105.689713,541.284363
152.953522,531.862671
166.044144,349.750254
182.131699,382.746826
194.469299,317.455200
148.678436,314.132111
135.925629,383.969208
193.880625,187.647117
209.238495,227.254272
222.662903,159.279556
177.366241,145.057373
163.696106,217.396713
41.769432,344.645341
78.509766,307.178772
15.901181,302.599792
2.806701,384.378235
65.812660,383.724548
80.455648,168.425809
64.607033,130.663452
52.525490,199.431473
97.062622,207.995102
110.185699,135.422058
5
81.102356,169.790599
65.040375,131.873444
52.947296,200.553848
97.950203,209.562927
111.115074,136.997604
42.643106,345.743569
79.452217,308.828217
16.545952,303.480774
3.401549,385.098389
66.904266,385.033081
137.640583,506.275396
166.658279,470.932800
119.614777,476.269592
106.982719,543.615662
154.614090,534.529541
167.124904,352.322115
183.381653,385.792389
195.676437,319.917206
149.790787,316.633698
137.357040,386.107513
194.891753,189.955462
210.311890,229.701874
223.521332,161.686661
178.367813,147.363922
164.765350,219.702225
5
194.542496,190.059392
210.032471,229.744843
223.328384,161.618942
177.973465,147.609390
164.386337,219.853668
166.785813,352.353092
183.058105,385.907135
195.447449,319.999634
149.522659,316.755859
136.889267,386.100525
137.326775,506.459475
166.460800,470.964417
119.210579,476.465240
106.461548,544.063721
154.283005,534.533203
41.813141,346.607965
78.894203,309.396698
15.669636,304.321869
2.494227,386.064941
66.146271,385.965851
80.452031,170.631668
64.298477,132.642975
52.280453,201.416443
97.300583,210.254807
110.555687,137.735596
5
40.758706,347.308247
77.519524,310.087708
14.492875,305.073792
1.380692,387.178711
64.987434,386.267120
136.104554,506.701786
165.142120,471.175446
117.932976,476.728912
105.365364,544.309998
153.049957,534.652161
165.531359,352.757072
181.754272,385.759827
194.060852,320.391815
148.074356,317.243774
135.440475,386.893646
192.975868,190.718750
208.462143,230.329346
221.662140,162.359955
176.389938,148.295471
162.871567,220.479385
79.142600,171.444807
63.017689,133.437973
51.211311,202.169220
95.925499,211.002533
109.023140,138.576218
4
77.397577,175.943262
61.223591,137.988022
49.439373,206.666550
94.255745,215.504059
107.054245,143.353531
135.410415,510.995743
164.422668,475.400299
117.096581,481.144104
104.853317,548.486572
152.584000,538.988770
164.310124,357.055742
180.744980,390.009033
192.760208,324.572601
146.689972,321.725830
134.306473,391.312683
191.164277,195.359090
206.772278,234.619644
219.689453,167.060104
174.354324,153.075134
161.152039,225.133347
4
135.960292,518.344840
164.687439,482.670685
117.428116,488.565552
105.477142,556.199646
153.324417,546.247192
189.812079,202.440579
205.691055,241.585052
218.146790,173.937424
172.776962,160.446014
160.041138,232.388504
76.115801,183.621754
59.825447,145.943283
48.369694,214.401230
93.167511,223.061188
105.544868,150.975327
163.928173,364.044901
180.561096,396.935089
192.175919,331.456879
146.165741,328.921204
134.220871,398.316742
4
163.475826,374.340886
180.418945,406.922516
191.443970,341.359406
145.319077,339.425446
134.036896,409.056793
74.269637,194.863708
57.712280,157.247665
46.888687,225.577332
91.484390,233.973267
103.486893,162.090271
187.971812,212.682571
204.277481,251.470062
216.096481,183.866806
170.524536,171.179459
158.479935,242.899139
136.729628,529.109175
165.340652,492.877838
117.977425,499.507507
106.404198,567.511536
154.287109,556.824890
4
72.069093,209.475716
55.270119,172.182343
45.004784,240.368042
89.703377,248.623459
100.746628,176.741989
137.822973,543.362384
166.135025,506.447021
118.659851,513.975952
107.897202,582.381836
155.788086,570.911682
163.039257,387.635073
180.310074,419.938965
190.585327,354.338257
144.520721,352.997406
133.824173,422.949341
185.762124,225.953112
202.385757,264.326111
213.374710,196.935593
167.930908,184.792603
156.584503,256.615295
4
184.002926,233.807135
200.934998,271.925110
211.509552,204.549179
165.945663,193.156097
154.965210,264.693665
138.094206,551.557588
166.150330,514.412109
118.674438,522.361694
108.351097,590.936584
156.377274,579.044556
70.370918,218.296938
53.376778,180.909012
43.535721,249.072891
88.039238,257.168091
98.932198,185.541428
162.406006,395.597938
179.842667,427.752502
189.660172,362.263489
143.590744,360.901123
133.464859,430.995728
4
182.980017,243.768969
200.219620,281.513000
210.252487,214.194275
164.533295,203.382095
154.246506,274.928040
162.699059,405.551250
180.469681,437.476685
189.722687,371.899567
143.592178,371.225189
133.915344,441.394714
139.604459,562.278208
167.414352,524.745911
119.884521,533.111145
109.904419,602.361450
158.040390,589.546143
69.255014,228.962084
52.053436,191.956528
42.596298,260.020996
87.328339,267.843018
97.380196,196.194656
4
181.400704,254.962632
198.959915,292.431763
208.277313,225.192703
162.594894,214.833420
152.885590,286.547455
140.621029,574.377596
168.285080,536.290405
120.680847,545.505432
111.398270,614.610779
159.479813,601.683960
67.586036,241.336061
50.104034,204.417053
41.243805,272.307312
85.945892,280.108948
95.519615,208.493820
162.445700,417.013590
180.509094,448.719971
189.280807,382.824860
143.097809,383.052551
133.974747,453.286438
4
180.727006,262.137685
198.557373,299.477783
207.475693,232.170944
161.741943,222.379440
152.492462,293.769043
141.781614,582.065055
169.255768,543.574585
121.696892,553.197815
112.555733,623.009644
160.724609,609.291321
67.051983,249.190779
49.413303,212.265915
40.897957,280.102905
85.464806,287.736237
94.867447,216.314957
162.780116,424.211061
180.937469,455.849548
189.369080,389.920044
143.188202,390.072906
134.521820,460.654968
4
143.007130,593.072770
170.183182,554.188721
122.471107,564.472595
113.906738,634.710205
162.251984,619.874756
162.545074,434.526675
181.155319,465.945374
188.990662,399.562225
142.741867,401.093964
134.610413,471.459869
179.301125,272.336134
197.370438,309.359650
205.807983,242.091583
159.992737,232.773788
151.309906,304.274353
65.522486,260.235645
47.758621,223.708038
39.509529,291.485199
84.310280,298.868744
92.941299,227.297226
3
64.546207,271.317152
46.468559,234.759995
38.815819,302.518494
83.510040,309.666382
91.807358,238.259567
162.772390,444.726272
181.624374,476.042145
188.977615,409.424133
142.674072,411.340057
135.052750,482.068542
178.229875,282.391757
196.654175,319.177399
204.483124,251.874039
158.604279,243.207626
150.526764,314.594849
3
162.848186,453.446278
181.956711,484.554810
188.786194,417.766571
142.485992,420.296783
135.309402,491.327972
177.250191,291.050190
195.827057,327.385284
203.265594,260.306091
157.305786,252.040283
149.756592,323.541168
63.620664,280.709756
45.416676,244.251160
38.189880,311.970123
82.749901,319.021423
90.547905,247.609894
3
162.995740,460.199915
182.353363,491.157684
188.698410,424.290558
142.424789,427.301727
135.683136,498.358521
176.552137,297.584374
195.466232,333.912842
202.366684,266.637634
156.424057,258.924194
149.225357,330.343994
62.888659,287.988006
44.477551,251.639877
37.619370,319.336487
82.258949,326.229797
89.532974,254.933701
3
61.836846,297.286570
43.302803,260.991150
36.751961,328.663574
81.326279,335.452942
88.314934,264.166901
162.857475,468.828732
182.504990,499.771332
188.415237,432.700165
142.130844,436.186646
135.707947,507.207428
175.398802,306.173057
194.506882,342.228180
201.031799,275.035217
155.066910,267.808716
148.296005,339.096344
3
162.872262,476.543046
182.636673,507.328766
188.303268,440.065186
141.946793,443.948822
135.837982,515.320618
174.467369,313.641623
193.785431,349.356415
199.918304,282.305603
153.839478,275.505249
147.491348,346.855377
60.857578,305.432231
42.225044,269.342590
35.964195,336.962555
80.540176,343.555756
87.083992,272.213470
3
162.600763,483.025698
182.586151,513.688660
187.782181,446.387573
141.399796,450.497711
135.713470,522.145813
59.689204,312.599427
40.961658,276.686737
35.011185,344.162994
79.510719,350.609955
85.760399,279.253967
173.328176,320.121806
192.862030,355.724426
198.610214,288.531891
152.507477,282.173767
146.565582,353.561676
3
58.979107,320.898373
40.109955,284.999512
34.483311,352.590637
78.958740,358.909943
84.733261,287.578064
162.824553,490.897161
182.976364,521.342529
187.897995,453.797089
141.410461,458.544739
136.154327,530.359924
172.554244,327.645578
192.328278,363.099640
197.689713,295.814880
151.596985,290.070038
145.995819,361.278259
3
171.002895,333.030026
190.837463,368.205231
195.984207,301.142242
149.815109,295.454987
144.600708,366.731506
161.954944,496.089907
182.341980,526.392883
186.793976,458.844757
140.346512,463.971466
135.461288,535.816101
57.518495,326.876295
38.451851,291.085327
33.282982,358.564056
77.713127,364.784668
83.195702,293.303528
3
57.058896,330.012208
38.006046,294.149994
32.826553,361.646912
77.129166,367.789459
82.722427,296.509125
170.458359,335.738063
190.499924,370.905457
195.315979,303.811859
149.224792,298.479034
144.005142,369.713593
161.771791,499.013035
182.202408,529.421875
186.600037,461.766449
140.149353,466.830292
135.315704,538.701660
3
170.354873,336.648011
190.431778,371.772400
195.274460,304.562805
149.069626,299.409637
143.909302,370.697998
161.847029,499.962969
182.352905,530.317993
186.693283,462.590729
140.128967,467.813538
135.327255,539.852417
56.924170,331.081776
37.814774,295.270050
32.722443,362.846039
77.066238,368.828766
82.519760,297.488098
3
170.494865,337.791464
190.616745,372.999237
195.359329,305.775940
149.186356,300.507416
144.136505,371.730530
57.040143,332.228236
37.912323,296.432922
32.836117,363.983002
77.278725,370.102203
82.593254,298.703522
162.119004,501.224612
182.677277,531.640381
187.013794,463.669891
140.382385,469.065491
135.666534,541.129150
3
170.368119,342.497811
190.493988,377.171661
195.011948,310.396606
148.714828,305.192444
143.998520,376.847015
56.821221,336.834963
37.637749,301.058685
32.709675,368.554260
77.143509,374.735077
82.237755,303.398926
162.428533,505.957055
183.141418,536.372070
187.222229,468.253540
140.588257,473.886566
136.074402,546.033508
3
55.845345,343.947284
36.619461,308.299561
31.946571,375.706329
76.277855,381.832275
81.056938,310.443634
169.242365,348.733140
189.658676,383.713287
193.914780,316.493866
147.653152,311.743408
143.157593,382.817932
162.374474,512.344787
183.243851,542.431458
186.923920,474.535797
140.244400,480.440613
136.106323,552.800781
3
55.972969,347.967087
36.488079,312.353455
32.123646,379.964142
76.655800,385.770264
80.994606,314.397217
162.982801,516.074368
183.970825,546.184753
187.456497,477.997162
140.867416,484.346619
136.835464,556.755493
169.571344,352.399858
190.058212,387.046570
194.072678,319.836456
147.672287,315.364899
143.599686,386.917389
4
36.777634,538.198028
69.729454,492.839966
5.124960,500.999786
1.808699,586.332642
65.977608,572.513855
170.277336,353.265040
190.870712,388.010742
194.766663,320.515320
148.378036,316.315948
144.310257,387.990967
163.915294,517.364984
184.927979,547.338013
188.319138,479.090179
141.559326,485.475861
137.912766,558.147156
56.610740,349.127205
37.159485,313.644562
32.685043,381.204193
77.350891,386.961029
81.797791,315.359131
4
37.933835,539.209132
71.042435,494.090485
6.686726,502.281494
2.267926,587.812744
67.333206,573.953125
57.705109,350.104462
38.102955,314.367249
33.691051,382.139679
78.455048,387.934235
82.973869,316.395447
165.227804,518.401548
186.315247,548.663147
189.648392,480.172699
143.056381,486.584381
139.115723,559.278320
171.526045,354.304267
192.018875,388.994324
196.065186,321.450073
149.580368,317.154846
145.649185,388.949463
4
166.824698,519.774905
187.818146,549.857361
191.255127,481.336487
144.496002,487.779114
140.759720,560.785095
39.420621,540.698477
72.639603,495.381927
8.097556,503.588348
3.707225,589.417847
68.764954,575.464294
173.006156,355.081713
193.605850,389.987579
197.421967,322.349243
151.153687,318.053040
146.993546,389.954895
58.947428,351.052129
39.269421,315.283051
34.782948,383.235443
79.766121,388.894653
84.292664,317.296234
4
40.520898,541.146941
73.631187,495.859253
9.254043,504.141785
4.767384,590.049988
69.913269,575.933594
167.809440,520.166805
188.840607,550.311951
192.252899,481.677917
145.550598,488.261963
141.762543,561.180481
59.763333,351.219628
40.091240,315.598297
35.649712,383.500519
80.767418,389.252869
85.027458,317.398560
173.922111,355.097157
194.596771,390.066101
198.249084,322.395782
152.171692,318.308685
147.972534,389.979706
4
174.620767,356.233772
195.154953,391.025513
199.023560,323.443054
152.721817,319.129669
148.704788,391.057800
60.343853,352.342350
40.456139,316.574768
36.398384,384.464233
81.442253,390.287323
85.680916,318.353699
168.551937,521.390705
189.587097,551.625793
193.024277,482.729218
146.264145,489.355133
142.589966,562.405518
41.255567,542.456464
74.313072,496.941986
9.955393,505.454712
5.651505,591.477112
70.744995,577.317627
4
175.454234,357.587788
196.014969,392.055573
199.829041,324.617859
153.442825,320.688110
149.640106,392.504578
42.254484,544.606855
75.301872,499.015869
10.806353,507.423004
6.605886,593.786377
71.678589,579.397522
169.610274,522.988754
190.630829,553.020752
193.973557,484.353363
147.182709,490.946564
143.630630,564.187378
61.077326,353.992035
41.215912,318.014709
36.965374,386.136475
82.050934,391.984009
86.501907,320.097687
4
42.895248,545.276675
75.975700,499.616364
11.405519,508.159851
7.218391,594.520752
72.373451,580.022522
170.212704,523.395853
191.427399,553.717102
194.446045,484.839783
147.915512,491.527435
144.163589,564.840881
61.498191,354.483677
41.601784,318.563446
37.437893,386.668762
82.545677,392.482025
87.036118,320.321991
175.969397,358.025582
196.674026,393.017059
200.235413,325.194489
154.085266,321.040710
150.096207,393.031128
4
46.202178,546.204937
79.452835,500.520050
14.599200,508.891113
10.360901,595.449219
75.954552,581.333740
179.392505,358.765688
199.988449,393.887451
203.740494,325.450287
157.565262,321.544220
153.678757,393.949860
173.696516,524.779180
194.814926,555.013123
197.990677,485.859955
151.409592,492.872345
147.851013,566.183655
64.422343,354.561681
44.304092,318.579407
40.189953,386.662109
85.902664,392.980072
90.019829,320.652924
4
175.283155,524.530130
196.471237,554.762329
199.340439,485.660278
152.922287,492.624542
149.314880,566.487610
65.875191,354.964668
45.605530,318.677612
41.586090,387.302490
87.114914,392.988342
91.747978,320.518372
47.978607,547.243288
81.120972,501.041840
16.476992,509.902710
12.300077,596.980225
77.452759,582.180603
180.966185,358.042612
201.617950,393.016022
205.266632,324.960754
159.092270,320.999512
155.164474,393.168243
4
181.628995,358.973358
202.194916,394.032410
205.989670,325.857605
159.748810,321.673859
155.800690,394.084198
48.592563,547.935995
81.620003,501.710052
17.057987,510.675812
12.871054,597.932617
78.178658,582.893921
175.992741,525.542679
197.034866,555.743286
200.234924,486.579773
153.638626,493.459045
149.963577,567.377686
66.414002,355.372634
46.139282,319.057678
41.953144,387.787415
87.787506,393.655670
92.207397,321.192017
4
177.350183,526.850735
198.590515,557.309082
201.509369,487.899170
155.005829,494.809235
151.393768,568.699951
67.493971,356.373709
47.153385,320.095703
42.923950,388.837524
89.098747,394.906433
93.245483,322.348816
50.057111,549.416393
83.044739,503.298767
18.443043,512.113525
14.172570,599.583984
79.632233,584.313416
182.865862,359.926494
203.520035,395.034668
207.168060,326.797852
160.992004,322.745087
157.065063,395.098022
4
69.695290,357.151244
49.089245,320.752563
45.109447,389.718384
91.455345,395.588379
95.662224,322.754669
52.653670,550.998724
85.644669,504.504272
20.920643,513.525879
16.800976,601.526184
82.343842,586.059204
185.500960,360.693598
206.172958,395.965790
209.838989,327.209991
163.534653,323.212952
159.807373,396.042145
180.066897,528.134470
201.240906,558.530640
204.320679,488.804321
157.647781,495.950897
154.195831,570.087219
4
55.220978,552.050067
88.264938,505.280975
23.454586,514.486755
19.557663,602.526489
84.837379,587.071045
71.851331,357.312434
51.187153,320.847626
47.123016,390.032623
93.760178,395.973633
97.849686,322.911743
182.537053,528.889228
203.607208,559.180542
206.670547,489.417053
160.076675,496.599274
156.759445,571.050476
187.862608,360.747745
208.544373,396.001160
212.101578,327.303192
166.026337,323.526398
162.140656,396.238495
4
72.616051,357.677176
51.987003,321.190033
47.738422,390.456604
94.494987,396.375031
98.710777,323.294067
55.952028,552.640243
89.087326,505.689606
24.272703,515.171509
20.397398,603.018921
85.614265,587.723267
183.317646,529.126157
204.494232,559.672119
207.439163,489.755737
160.949677,496.861694
157.465256,571.321655
188.857326,361.047469
209.372787,395.964203
212.962173,327.567780
166.883255,323.648224
162.863266,397.151123
4
58.414177,553.777516
91.440620,506.804260
26.744282,516.282471
22.733620,604.525696
88.272110,589.127319
74.657768,358.246896
53.767948,321.587402
49.735298,391.080170
96.761467,397.036621
100.798531,323.808624
191.145835,361.692558
211.789429,396.959839
215.349274,328.070190
169.176056,324.159637
165.537262,397.266876
185.835243,530.309680
206.930664,560.778503
210.036469,490.630554
163.479843,498.021027
159.950012,572.749817
4
77.093581,358.833337
56.086540,321.985870
51.980106,391.743561
99.329559,397.836426
103.471451,324.266174
188.649412,531.379164
209.831116,561.985413
212.731705,491.591370
166.277832,499.053619
162.860718,573.986206
61.358315,555.400463
94.396873,508.095581
29.621557,517.667053
25.758808,606.372131
91.071465,590.727905
193.824450,362.224310
214.502380,397.902344
218.048538,328.390167
172.037445,324.632660
168.157776,398.073334
4
190.688450,531.884246
211.912979,562.702393
214.854340,491.931946
168.383118,499.496765
164.936737,574.458313
63.453764,556.037949
96.461998,508.618195
31.648235,518.321228
27.732859,607.354736
93.210220,591.324768
195.866710,362.301406
216.526642,397.971405
220.089920,328.389801
174.055969,324.644501
170.300537,398.093109
78.842742,359.032506
57.672890,322.084747
53.673813,392.001007
101.164749,397.991119
105.356895,324.301910
4
193.527399,532.424867
214.744812,563.023560
217.431412,492.323914
171.103333,500.085999
167.897934,575.420410
198.698612,362.326081
219.231277,397.938263
222.904236,328.345062
176.929611,324.569580
173.059311,398.319763
66.331460,556.948454
99.313942,509.305878
34.605354,519.105652
30.662951,608.470947
96.162598,592.530945
81.296530,359.120239
60.018585,322.072998
55.993427,392.115631
103.798378,398.298431
108.062691,324.217010
4
196.638575,533.242636
217.758591,564.066589
220.577789,493.156036
174.316681,500.664581
170.888489,576.361572
69.457855,557.953597
102.421501,510.070160
37.487579,519.913879
33.703449,609.890930
99.205269,593.348450
201.870377,362.578662
222.290039,397.966797
225.877701,328.506165
179.997665,324.672333
176.050629,399.223450
83.935462,359.367318
62.384010,322.063293
58.495136,392.433380
106.561462,398.531311
110.854309,324.379547
4
203.938030,363.023407
224.499695,398.948151
227.979172,328.933167
182.150314,324.956543
178.451172,399.163666
85.949268,359.924890
64.307327,322.645599
60.545879,393.110199
108.782051,399.255463
112.918785,324.693695
198.907396,534.160319
219.934235,564.912598
222.932220,493.774811
176.589478,501.519806
173.189148,577.392456
72.007255,559.314537
104.994583,511.156006
40.154362,521.322754
36.279312,611.474121
101.654510,594.675598
4
201.617446,534.538517
222.691330,565.300659
225.423355,494.238007
179.301575,501.963409
175.873581,578.119751
74.404517,559.721368
107.375664,511.597412
42.608532,521.673828
38.586586,612.000427
104.330154,595.530823
88.194471,359.984010
66.483765,322.734894
62.582142,393.210968
111.220932,399.490570
115.425407,324.657227
206.687654,363.148760
227.139038,398.800446
230.712875,328.914215
184.843262,325.068726
181.032730,399.705536
4
206.083889,536.338820
227.028870,567.221741
229.976990,495.660400
183.791916,503.469788
180.512238,579.875000
211.010983,363.817644
231.558441,399.870911
234.975586,329.330475
189.215103,325.573853
185.602325,400.382935
79.137025,561.999524
112.233002,513.286072
47.247253,523.645386
43.488667,614.469788
109.007614,597.925171
92.139361,360.491344
70.117851,322.992035
66.194267,393.982147
115.508698,400.285797
119.551964,325.106232
4
92.898855,360.528088
70.897797,322.934937
66.887314,393.965485
116.200119,400.342896
120.404526,325.170013
207.077491,536.414479
227.975891,567.116882
230.967834,495.663818
184.702652,503.542999
181.309998,580.367065
211.930664,363.807193
232.467636,399.863373
235.956940,329.191315
190.164032,325.592133
186.525696,400.409424
80.094099,562.164087
113.097610,513.539795
48.174633,523.769226
44.308155,614.887756
109.869141,597.979492
4
216.236366,364.143195
236.628021,399.964996
240.141785,329.271179
194.390701,325.767151
190.764816,401.299805
211.352617,537.493192
232.392456,568.556519
235.115616,496.448303
189.138962,504.696838
185.782440,581.659546
84.545060,564.044502
117.510635,515.000366
52.714165,525.734863
48.735813,617.319275
114.365318,599.934265
96.661025,361.231648
74.252594,323.615204
70.554329,394.944580
120.459534,401.181580
124.289268,325.553864
4
85.775354,562.410447
118.732643,513.470215
53.940273,523.923584
49.863739,615.737732
115.522446,598.373047
97.815305,359.548088
75.415726,321.696350
71.585373,393.208405
121.505150,399.580170
125.484734,324.040497
217.408261,362.682249
237.764740,398.800873
241.342834,327.980103
195.700470,324.165985
191.834961,399.760345
212.428159,536.075850
233.409622,567.057922
236.204193,495.139648
190.149643,503.178497
186.830597,580.148254
4
221.262554,360.046392
241.555832,396.175873
245.216782,325.162476
199.590469,321.462128
195.686890,397.291565
89.142438,560.118967
122.256264,510.960358
57.372974,521.630859
53.316929,613.303162
118.962761,596.245728
215.839281,533.961607
236.720032,565.080627
239.840881,492.718567
193.717758,500.993439
190.173935,578.063538
101.049685,356.764315
78.532623,318.720642
74.589195,390.496033
124.765556,396.833435
129.076401,321.035980
4
94.856595,562.328027
127.865753,512.949158
63.203400,523.659363
58.898682,616.117981
124.673553,598.753479
226.541707,360.965725
246.877335,397.866760
250.474457,326.026276
205.102753,322.062592
201.107239,398.097534
105.748919,357.374072
83.002022,319.018463
78.865204,391.141418
129.806961,397.940521
134.105270,321.757019
221.407402,535.983719
242.359756,567.356567
245.321823,494.609131
199.292465,502.870087
195.898178,580.117493
4
228.592058,541.194717
249.402008,572.523987
252.295258,499.341187
206.434708,507.836945
203.193909,586.041077
111.953565,361.284114
88.831459,322.782837
84.856575,395.388885
136.549423,402.239380
140.645920,325.171387
233.286703,364.659149
253.565201,401.657959
257.066498,329.363739
211.926270,325.686310
208.037613,402.135376
102.436140,568.505815
135.301880,518.461487
70.589989,529.373596
66.667595,622.970215
132.214066,605.096619
4
112.502400,361.484343
89.272110,322.942749
85.513176,395.644928
136.999023,402.126923
141.146286,325.229431
102.999156,568.659488
135.906265,518.483459
71.284409,529.778992
67.192360,623.256897
132.757050,605.140991
229.103901,540.999017
249.881516,572.434509
252.760971,498.976166
207.036102,507.611542
203.762436,586.013916
233.911486,364.531325
254.131195,401.003235
257.608276,329.077454
212.313904,325.574036
208.654022,402.320190
4
231.481829,541.503599
252.387772,573.078064
255.244232,499.441223
209.430786,508.199677
206.143585,586.355408
105.371313,569.161586
138.303452,518.774536
73.408455,530.018311
69.491501,624.058655
135.093521,605.560852
236.252490,364.554504
256.589844,401.627960
260.139984,329.003632
214.810013,325.466492
211.018890,402.108734
114.435425,361.333423
91.204155,322.779236
87.193558,395.422791
139.048492,402.180817
143.442444,325.035217
4
112.428787,571.329356
145.229721,520.564575
80.657623,532.151428
76.606796,626.769714
142.323929,608.193909
238.186619,543.012960
258.909851,574.825073
261.843262,500.636871
216.337082,509.471863
212.906021,588.298035
120.438731,361.673571
96.769669,322.888947
92.782761,396.233826
145.567871,402.850708
149.594467,325.239136
243.034389,364.959123
263.064301,401.753479
266.747620,329.123749
221.593552,325.572937
217.807175,403.082428
4
242.406538,543.868054
262.954559,575.557495
266.025635,501.372803
220.424057,509.966370
217.032990,589.519897
124.096382,361.914208
100.165787,322.804413
96.298424,396.531647
149.364807,403.210419
153.601669,325.170593
116.714856,572.568671
149.523392,521.595032
84.887466,533.107544
80.908882,628.199341
146.510895,609.511230
247.121591,365.027559
267.097687,401.906494
270.794128,329.044983
225.686707,325.455475
221.947845,403.291992
4
252.415035,365.560899
272.433197,402.797882
275.851532,329.572174
231.043518,325.806458
227.224915,404.242462
247.623909,545.565268
268.193573,577.466309
271.230804,502.427460
225.671707,511.520081
222.609329,591.275391
122.139599,574.616191
154.996246,523.034546
90.284142,535.073914
86.476685,630.603394
151.879440,611.532349
128.695636,362.546455
104.422363,323.128815
100.654312,397.177979
154.254654,404.052032
158.505112,325.731232
4
256.521664,365.830428
276.576355,403.292664
279.975739,329.562775
235.191315,325.985260
231.533386,404.470459
132.412025,362.967129
108.007347,323.486359
104.069695,397.774963
158.127502,404.568451
162.541687,325.964233
126.701443,576.020074
159.265961,524.384644
94.705093,536.378235
90.879906,632.819946
156.489609,612.926086
251.899689,546.266802
272.560760,578.248840
275.340393,503.282318
230.057785,512.456909
226.756165,592.373840
4
257.905858,547.960469
278.483887,579.954834
281.222717,504.669739
235.992813,513.890442
232.757599,594.651428
132.353013,577.685561
165.143295,525.549988
100.399261,537.986450
96.451088,634.768555
162.358017,614.963562
137.312602,363.208528
112.562073,323.610168
108.666588,398.182129
163.595169,405.257996
167.689255,326.122009
262.479081,366.390998
282.510162,403.932465
285.936920,329.888214
241.199142,326.508972
237.490509,405.275757
4
141.378643,580.635894
174.059448,527.809448
109.476570,540.326111
105.709129,638.293396
170.922775,617.966309
270.413243,366.919763
290.217865,404.692749
293.748505,330.038605
249.257172,326.569183
245.593445,406.147217
265.896565,549.843529
286.078949,581.809204
289.141479,506.102173
244.172974,515.436829
240.917206,596.848694
144.905471,363.726403
119.864967,323.770691
115.887703,398.946564
171.511353,406.179901
175.668274,326.388214
4
144.486661,580.715796
177.139816,527.725891
112.605568,540.482483
108.737885,638.729309
174.214844,618.232178
147.674270,363.439103
122.385361,323.137421
118.560341,398.628082
174.309387,405.886169
178.705963,325.932190
269.010228,549.987142
289.384827,582.413147
292.230927,506.306549
247.440628,515.659302
243.898849,597.224304
273.633715,366.677741
293.454620,404.670776
296.854675,329.828644
252.490311,326.149719
248.759430,406.150482
4
280.243284,366.257809
300.006897,404.610626
303.588776,329.183533
259.211731,325.444458
255.393326,405.721283
151.010810,581.300544
183.807617,528.282776
119.304588,540.731201
115.060448,639.416199
180.713440,619.306213
275.400852,550.884110
295.675812,583.539124
298.784912,506.625641
253.816879,516.120789
250.576111,597.869324
153.454705,362.573966
127.883827,322.111267
123.729393,398.106049
180.489166,405.352600
184.849915,325.045776
3
160.963007,363.114893
135.099579,322.626129
130.956299,398.926453
188.512482,406.243134
192.814133,325.102112
283.636302,552.504302
303.696167,585.228027
306.902496,507.911133
262.196686,517.529785
258.797424,600.111755
288.497223,366.610358
307.872559,404.962280
311.783630,329.315918
267.734680,325.512573
263.683319,406.351166
3
289.084803,553.638912
309.248352,586.637634
312.175415,508.971069
267.808899,518.819763
264.246704,601.687195
294.031531,367.034041
313.554474,405.696350
317.182709,329.542297
273.157410,325.695923
269.271210,407.131683
165.635852,363.438835
139.419189,322.668243
135.323776,399.365448
193.457291,406.705078
197.827133,325.284943
3
173.563371,363.596656
146.969101,322.489807
142.676895,399.743561
201.722641,407.122528
206.371323,325.201019
302.957270,367.058723
322.428070,406.137054
325.918091,329.428589
282.273285,325.545502
278.287354,407.489868
298.064516,555.196560
318.126343,588.047363
320.883270,510.343262
276.664337,520.154236
273.183838,604.102844
3
179.707453,364.270830
152.807159,322.772461
148.617310,400.576691
208.142532,408.136871
212.894806,325.515930
304.569822,557.201815
324.349182,590.461182
327.514587,511.692566
283.487701,521.751831
279.901703,606.129211
309.536042,367.644491
328.792023,407.046600
332.417603,329.807465
289.119995,325.868622
284.972168,408.263397
3
312.334244,557.502000
331.845062,590.596863
335.274017,511.780609
291.207275,521.665771
287.703064,606.594543
317.541423,366.769141
336.602814,406.332458
340.468811,328.556488
297.230591,324.612518
293.047058,407.593445
186.614111,363.186967
159.405853,321.607880
155.006943,399.728333
215.450851,407.254669
220.352768,324.181366
3
324.927208,367.186220
343.772888,406.859222
347.754822,328.789215
304.702332,324.609802
300.505554,408.264465
193.241285,363.144204
165.727692,321.144989
161.152191,399.857880
222.417023,407.680664
227.309967,324.165649
319.462444,559.140412
338.924164,592.896240
342.411957,513.133850
298.639771,523.024048
295.011780,608.156311
3
334.141740,366.317748
352.941559,406.562439
356.902863,327.757599
314.130981,323.480804
309.796844,407.561005
201.679305,362.059397
173.820679,319.827576
169.261108,398.945007
231.257507,406.897980
236.358887,322.600769
328.408429,559.632487
347.648804,593.420532
351.285187,513.122375
307.799835,523.441711
303.957703,609.342590
1
210.042953,358.031723
181.802109,315.496429
176.835831,395.173309
240.014603,403.173889
245.615204,318.244781
1
217.554894,357.089441
188.894196,314.036987
183.766663,394.472229
247.874222,402.633392
253.510818,317.308350
1
224.317274,353.696439
195.308716,310.502411
190.061111,391.190155
255.067047,399.483154
261.300079,313.218384
1
234.033628,344.761600
205.012924,300.865234
198.777710,382.563507
264.766663,391.248016
271.746124,304.325714
2
245.580747,576.166579
279.034943,518.357178
216.245346,531.364441
208.757797,639.797241
272.890533,617.875122
238.616058,337.689011
209.556656,293.496674
202.809586,375.727997
269.395050,384.496429
276.945465,296.969788
2
243.449583,323.666018
214.505966,278.746307
206.646500,361.623962
274.063416,371.177856
283.041443,282.831787
248.270649,563.522552
282.551239,505.913239
219.281067,517.453308
210.651947,626.741638
274.901886,605.843994
2
247.824716,311.300244
219.135406,265.767334
210.071075,349.503510
278.150391,359.430237
288.328827,270.313751
250.523374,552.496385
285.527039,494.890137
222.038635,505.676636
212.247711,615.487427
276.598663,595.355774
2
247.044020,546.736004
282.486877,489.596283
218.558060,499.446716
207.973572,609.723999
273.059906,589.924744
246.362192,305.154487
217.899399,259.426025
208.404968,343.524445
276.485260,353.550354
287.154297,263.918823
2
245.141213,296.101516
216.877823,249.597458
206.692276,334.491791
275.036194,345.290161
286.680847,254.625259
243.784587,539.653302
279.998169,482.204193
215.524231,491.858826
204.007416,602.755676
269.872742,583.774109
2
243.805640,538.921246
280.857239,480.907104
215.111984,490.393402
202.873184,603.011902
270.023773,583.262390
245.635337,292.375799
216.953293,245.335419
206.329941,331.174835
276.041382,342.243652
288.084717,250.473282
2
244.344983,538.401971
281.836243,479.895691
215.311203,489.318420
202.836075,603.177917
270.964539,583.404114
246.735336,288.857371
217.744568,241.087860
206.862335,328.037720
277.382904,339.356873
289.775482,246.564896
2
249.038950,286.370702
219.616455,237.936005
208.429703,325.987518
280.104279,337.509796
292.988007,243.495697
246.612299,539.672252
284.900177,480.075409
217.402481,489.594269
204.404007,605.371399
273.268036,585.371460
2
244.381112,542.835497
283.147491,482.211975
214.680939,492.287903
201.258896,610.270752
271.704346,589.337708
247.186234,285.357365
217.509064,236.230759
206.307526,325.463867
278.597290,337.354187
291.560486,241.821350
2
239.911289,545.975299
279.399994,484.333832
209.475113,494.629944
196.118546,614.335327
267.575836,592.644958
243.370340,285.341031
213.431305,235.569641
202.165512,325.878723
274.909912,337.773193
288.079346,241.355896
2
240.051942,285.584459
210.016785,235.464569
198.553955,326.603302
271.787933,338.542542
284.883636,241.270401
235.835468,549.572936
276.123840,486.721039
204.896530,497.901672
191.349243,618.973694
264.087311,596.756470
2
236.218174,285.782463
206.112976,235.434113
194.692276,327.139221
268.157013,339.197418
281.076202,241.107147
231.505743,551.937049
271.721741,489.170868
200.007294,499.941437
186.534729,622.124512
260.081848,599.108643
2
231.105174,286.074947
200.852325,235.243271
189.450668,327.765472
263.155243,339.926361
276.232605,240.908493
225.355274,555.100317
266.453857,491.294647
193.079330,502.862030
179.579605,626.167175
254.594650,602.423950
2
226.925223,286.592557
196.492874,235.471497
185.258301,328.628815
259.229950,340.858887
272.343811,240.771378
220.619331,558.769012
262.317627,494.176422
187.762665,505.780151
174.149933,630.752258
250.242935,606.543823
2
222.238307,287.101439
191.666214,235.413681
180.360626,329.527344
254.676392,341.944000
267.832184,240.910690
215.031945,562.563978
257.424988,496.875763
181.507751,509.363556
167.777176,635.785461
245.437973,610.816101
1
216.698352,288.981479
185.757370,236.762085
174.370514,332.072327
249.615051,344.535309
262.498291,242.355942
1
212.528668,290.139102
181.459991,237.610336
170.327347,333.473663
245.617950,346.084167
258.673553,242.755081
1
209.081999,291.536359
177.924500,238.704605
166.753830,335.330719
242.439896,348.099182
255.474518,243.536865
1
202.691814,293.384241
171.166382,239.705536
160.090973,337.690765
236.261490,350.543701
249.111572,245.105896
1
198.852696,295.577534
167.193512,241.743271
156.318909,340.276306
232.812881,353.324493
245.596283,246.454681
1
194.355382,296.159469
162.416183,241.772171
151.416656,341.479187
228.605545,354.481964
241.314865,246.596039
1
190.411892,298.234923
158.237106,243.393494
147.520187,343.710480
225.004150,357.196899
237.500000,248.310165
1
191.667903,306.023346
158.408005,250.148453
148.170105,352.519836
227.306549,365.894409
239.327606,255.078033
1
192.630914,310.445332
158.193161,253.235519
148.036896,357.881104
229.544022,371.767334
241.756393,258.189331
1
193.052948,312.021159
158.254074,254.125977
148.159210,360.036438
230.390182,374.139435
242.463287,259.175232
1
205.555380,316.626651
168.990463,257.097870
158.778503,366.072784
244.859833,380.615479
257.120636,262.118896
1
216.934362,318.154409
178.316208,257.024170
167.868149,369.033875
258.413635,383.813629
271.141296,261.944244
1
226.148149,319.668720
186.759857,257.409058
176.160294,371.556305
268.791931,387.074219
281.526489,262.185791
1
237.164323,322.710263
196.569550,259.555603
186.006531,375.692474
281.276794,391.337524
293.916779,263.933868
1
251.571395,325.435477
209.217209,260.871613
198.411545,379.193420
297.586029,395.579254
310.280640,266.065704
1
266.467376,328.235456
222.740067,262.854584
211.901230,383.276398
314.172028,399.563232
326.884796,267.292328
1
282.799554,328.391479
237.389297,261.282837
226.317627,384.519928
332.562225,401.932251
345.379456,266.203217
1
283.520042,329.339924
237.473236,261.457306
226.422287,386.220337
334.030182,403.802429
346.949860,266.151550
1
291.849573,330.747071
244.088943,261.441345
232.772156,388.989136
344.649231,407.364960
357.560120,265.965668
0
0
0
0
0
0
0
1
284.387136,334.804583
231.553650,257.228424
219.558502,400.240662
343.478729,421.569611
357.542206,260.964050
1
278.624202,334.841883
225.704971,256.595001
213.360855,401.133240
337.962616,422.580231
352.394440,259.909637
1
272.542591,334.920881
219.455414,255.720627
207.169037,401.784180
332.055573,423.707733
346.651764,259.122894
1
264.545166,335.315894
211.671143,254.752075
199.496841,402.837585
323.791748,425.589539
338.308044,258.748291
1
234.852620,386.619801
180.975784,306.037170
174.007568,453.371124
295.918030,477.954254
303.456268,311.356750
1
221.011997,386.823932
167.514008,307.547821
160.641312,455.335571
281.253021,476.092224
289.533173,309.062714
1
216.892476,387.230680
163.066711,306.977051
156.056198,456.529358
277.687866,477.875946
285.864349,308.664734
1
210.788035,387.381154
156.627594,306.069702
149.655197,457.448181
271.839355,479.037933
280.169098,307.860474
1
215.771821,387.629075
161.233734,306.813568
154.173447,457.105835
277.193848,478.645325
285.641632,308.822968
1
221.018912,387.446635
166.478714,306.843903
159.698303,456.366974
282.179626,477.833557
290.561005,309.285889
1
220.973896,387.433984
166.506546,306.894928
159.666824,456.339966
282.138123,477.875488
290.446411,309.350464
1
228.315973,376.978771
173.341370,295.688812
165.323944,445.749237
290.324921,468.670288
299.735535,299.007690
1
232.567614,376.039054
177.647980,294.601959
169.565216,445.446503
294.358154,467.664612
303.988495,297.357269
1
232.448065,376.992542
177.417236,295.855865
169.543762,446.439514
294.400116,468.333771
304.358795,297.602386
1
232.614811,376.655828
177.523483,295.373474
169.682495,446.055237
294.579712,468.079529
304.338837,297.561249
1
232.611652,376.756783
177.544128,295.554962
169.769562,446.067932
294.591461,468.151367
304.424408,297.551514
1
233.679686,373.924723
178.586761,293.115845
170.310257,443.654999
295.954132,465.267273
306.025574,294.316956
1
237.055371,374.044393
181.432678,292.518646
173.194199,443.725769
299.834869,466.059814
309.794952,294.675446
1
238.279949,373.914750
182.848465,292.444794
174.568008,443.631714
300.974274,466.059204
310.935577,294.411133
1
238.852772,373.336070
183.247559,291.592651
174.852173,443.084045
301.455933,465.366943
311.521790,294.141235
1
238.253685,373.724551
182.411469,291.585480
174.094604,443.833801
301.338928,466.517487
311.469452,293.718689
1
235.266880,373.743351
178.584808,289.825043
170.101974,445.288208
299.595612,468.982605
309.549530,292.188080
1
232.493652,374.083333
175.171005,288.890930
166.623001,446.478851
297.377869,470.513672
307.946289,291.156677
1
224.390287,373.130119
166.538620,286.610443
157.819336,446.839661
289.931335,471.149597
301.134918,288.155945
1
222.839199,368.251633
164.623398,280.047424
155.317368,442.805878
288.801575,468.192871
300.701599,282.279846
1
219.194909,366.195291
160.216476,276.783844
150.479782,442.333862
286.038116,467.529755
298.949493,277.824646
1
213.826724,360.893307
154.547485,269.947937
144.079102,438.061249
281.068420,464.054565
294.959473,271.128998
1
206.314756,353.182256
147.245605,260.709167
135.674942,431.371307
273.641785,458.583099
289.235535,261.399780
1
199.622221,349.356276
139.868103,254.941620
127.958519,429.028503
267.394104,456.439423
283.660217,255.926910
1
194.986077,346.548277
135.238892,250.981628
122.733856,426.892365
262.952850,455.262299
279.777924,252.260193
1
189.408444,343.042680
129.233994,245.783157
116.037682,425.105682
258.256104,454.320648
276.276947,245.882858
1
188.149734,339.287971
126.934708,240.948715
113.203598,422.236145
258.149048,451.738800
277.056793,240.888260
1
192.013823,335.919924
130.403198,237.085373
116.283333,419.162445
262.206940,448.522339
282.003906,237.003342
1
198.088842,333.599731
135.696259,234.125427
121.186554,417.450958
269.525360,447.493042
289.319824,234.125061
1
207.619889,332.541541
143.911469,232.099213
129.305878,416.868134
280.490112,447.428314
300.500580,232.529907
1
218.632779,330.670891
153.312973,228.926208
138.404480,415.813599
293.216766,446.845825
314.144379,229.308701
1
225.312973,330.571055
159.486481,228.299973
144.250336,416.087372
300.788788,447.833771
321.516144,229.082367
1
233.505045,330.854984
166.632675,227.914261
151.229507,416.911621
310.445740,449.294495
331.215393,228.654205
1
245.391361,330.836535
176.627365,226.875534
160.798477,417.920868
324.867920,450.993347
346.270691,226.986084
0
0
0
0
0
0
0
0
0
0
0
0
0
0
0
0
0
0
0
0
0
0
1
254.896379,334.833761
185.773163,230.176437
170.132568,422.937927
335.341888,456.633820
355.648529,230.111191
1
249.955773,334.836046
181.216293,230.079742
165.594269,422.682495
329.392914,455.895172
349.715179,230.955612
1
246.413589,334.825166
178.323685,230.594406
162.780853,422.127533
325.297760,455.579590
345.603516,231.282990
1
242.374849,335.102749
174.614105,230.892700
159.362900,422.159393
320.439362,455.159088
340.811401,231.869949
1
237.018095,335.375653
170.037277,231.881836
154.945435,421.764526
314.112701,454.496552
334.660065,232.598679
1
230.666081,335.178047
164.397476,232.641083
149.433517,421.172211
307.290283,453.738159
327.112823,233.077896
1
226.227636,335.500751
160.396484,233.028351
145.650085,421.353668
301.934174,453.345123
322.058075,233.396347
1
219.693213,335.900040
154.960037,233.882965
140.439285,421.227448
293.865509,452.792816
314.015137,234.349930
1
211.391844,335.906786
147.555771,234.891312
133.068130,420.582062
284.744568,451.981598
304.616516,235.122177
1
211.264274,335.354381
147.330368,234.071625
132.759186,419.957153
284.632080,451.582123
304.639343,234.726639
1
212.851449,336.500651
147.552444,234.473663
132.972656,420.676331
287.476410,453.099060
307.384491,236.882431
1
215.629279,338.433731
150.708603,236.567825
136.479904,423.084167
290.189667,455.425140
309.760925,237.759720
1
215.431281,337.732591
150.729172,236.295654
136.539856,422.586304
289.671906,454.123566
309.295441,236.774567
1
215.327193,338.378115
150.604279,237.070801
136.484726,423.181030
289.784088,454.921509
309.471375,237.116684
1
215.729327,337.926106
150.921249,236.440186
136.591553,422.970612
290.185791,454.520874
309.643890,237.001892
1
223.327667,335.400005
158.112854,233.793243
143.400314,421.322296
298.344421,452.278503
318.588806,232.993820
1
223.653437,333.599765
158.316711,231.811478
143.161926,419.681519
298.845825,450.742218
319.249359,231.364578
1
223.590068,334.497551
158.160629,232.318436
143.167191,419.709320
298.861206,452.046143
319.110016,233.289734
1
225.009942,335.118523
159.314270,232.932846
144.585602,420.573334
300.550507,452.617340
320.863831,233.269058
1
225.955749,335.171949
160.283661,232.926544
145.303726,420.805145
301.668030,453.049011
322.077881,233.113190
1
227.183406,335.614668
161.135544,233.229416
146.350418,421.370758
303.328003,453.651550
323.272583,233.673218
1
228.550683,336.101120
162.423599,233.314819
147.404510,421.721252
304.653351,454.393219
325.199615,234.123489
1
229.848826,336.825616
163.470367,234.013474
148.725266,422.657501
306.380585,455.363983
326.713776,234.338730
1
231.431551,336.900573
164.860123,233.923508
149.917526,423.072327
308.193451,455.640930
328.321838,234.473953
1
233.278586,337.188712
166.327316,233.998383
151.669769,423.401642
310.525543,456.247528
330.539124,234.441040
1
234.165923,337.169775
167.352188,233.975204
152.334885,423.581940
311.472137,456.570099
331.222717,234.679474
1
237.279466,337.826734
169.946533,234.397003
154.901215,424.283569
315.240509,457.582245
335.272614,234.981903
1
239.483239,338.148397
171.690125,234.337463
156.896835,424.719208
317.780396,458.044067
337.828583,235.058350
1
240.633852,337.491246
172.720596,233.651321
157.686234,424.364471
318.984467,457.289978
339.044800,234.422867
1
242.378911,337.503387
174.329010,233.652939
159.299713,424.330872
321.126984,457.680237
341.268707,234.151978
1
246.883578,338.615809
178.058502,233.903397
163.020111,425.543335
326.483459,459.721313
346.520538,235.338486
1
258.735727,341.580625
187.874313,236.359543
172.915665,429.665955
341.839203,464.979767
359.548279,238.107071
0
0
0
0
0
0
0
0
0
0
0
0
0
0
0
0
0
0
0
0
0
0
0
0
0
0
0
0
0
0
0
0
0
0
0
0
0
0
0
0
0
0
0
0
0
0
0
0
0
0
0
0
0
0
0
0
0
0
0
0
0
0
0
0
0
0
0
0
0
0
0
0
0
0
0
0
1
158.682973,567.790272
283.543488,573.029236
155.959503,538.706299
31.801041,562.466492
162.298401,606.399475
0
0
0
1
187.066883,549.852567
298.582825,554.776917
181.104584,525.357483
72.666405,544.800842
194.800949,581.626648
0
0
0
